# Final state angular momentum:   1
# Broadening parameter (in eV):    0.800
# Absorbing atom type (xiabs):   2
# Energy (eV)   sigma
  -10.00000000    0.00122143
   -9.94994995    0.00122729
   -9.89989990    0.00123318
   -9.84984985    0.00123913
   -9.79979980    0.00124512
   -9.74974975    0.00125115
   -9.69969970    0.00125723
   -9.64964965    0.00126336
   -9.59959960    0.00126953
   -9.54954955    0.00127576
   -9.49949950    0.00128203
   -9.44944945    0.00128835
   -9.39939940    0.00129472
   -9.34934935    0.00130114
   -9.29929930    0.00130761
   -9.24924925    0.00131413
   -9.19919920    0.00132071
   -9.14914915    0.00132733
   -9.09909910    0.00133401
   -9.04904905    0.00134074
   -8.99899900    0.00134753
   -8.94894895    0.00135437
   -8.89889890    0.00136127
   -8.84884885    0.00136822
   -8.79879880    0.00137523
   -8.74874875    0.00138230
   -8.69869870    0.00138942
   -8.64864865    0.00139660
   -8.59859860    0.00140384
   -8.54854855    0.00141114
   -8.49849850    0.00141850
   -8.44844845    0.00142593
   -8.39839840    0.00143341
   -8.34834835    0.00144096
   -8.29829830    0.00144857
   -8.24824825    0.00145624
   -8.19819820    0.00146398
   -8.14814815    0.00147179
   -8.09809810    0.00147966
   -8.04804805    0.00148760
   -7.99799800    0.00149560
   -7.94794795    0.00150368
   -7.89789790    0.00151182
   -7.84784785    0.00152004
   -7.79779780    0.00152832
   -7.74774775    0.00153668
   -7.69769770    0.00154511
   -7.64764765    0.00155362
   -7.59759760    0.00156220
   -7.54754755    0.00157085
   -7.49749750    0.00157958
   -7.44744745    0.00158839
   -7.39739740    0.00159728
   -7.34734735    0.00160625
   -7.29729730    0.00161530
   -7.24724725    0.00162443
   -7.19719720    0.00163364
   -7.14714715    0.00164293
   -7.09709710    0.00165231
   -7.04704705    0.00166178
   -6.99699700    0.00167133
   -6.94694695    0.00168097
   -6.89689690    0.00169070
   -6.84684685    0.00170051
   -6.79679680    0.00171042
   -6.74674675    0.00172043
   -6.69669670    0.00173052
   -6.64664665    0.00174071
   -6.59659660    0.00175100
   -6.54654655    0.00176138
   -6.49649650    0.00177186
   -6.44644645    0.00178244
   -6.39639640    0.00179313
   -6.34634635    0.00180391
   -6.29629630    0.00181480
   -6.24624625    0.00182580
   -6.19619620    0.00183690
   -6.14614615    0.00184811
   -6.09609610    0.00185943
   -6.04604605    0.00187086
   -5.99599600    0.00188240
   -5.94594595    0.00189406
   -5.89589590    0.00190583
   -5.84584585    0.00191772
   -5.79579580    0.00192973
   -5.74574575    0.00194186
   -5.69569570    0.00195411
   -5.64564565    0.00196649
   -5.59559560    0.00197899
   -5.54554555    0.00199162
   -5.49549550    0.00200438
   -5.44544545    0.00201727
   -5.39539540    0.00203030
   -5.34534535    0.00204345
   -5.29529530    0.00205675
   -5.24524525    0.00207018
   -5.19519520    0.00208376
   -5.14514515    0.00209748
   -5.09509510    0.00211134
   -5.04504505    0.00212535
   -4.99499499    0.00213951
   -4.94494494    0.00215383
   -4.89489489    0.00216829
   -4.84484484    0.00218291
   -4.79479479    0.00219770
   -4.74474474    0.00221264
   -4.69469469    0.00222774
   -4.64464464    0.00224301
   -4.59459459    0.00225846
   -4.54454454    0.00227407
   -4.49449449    0.00228985
   -4.44444444    0.00230581
   -4.39439439    0.00232196
   -4.34434434    0.00233828
   -4.29429429    0.00235479
   -4.24424424    0.00237148
   -4.19419419    0.00238837
   -4.14414414    0.00240545
   -4.09409409    0.00242273
   -4.04404404    0.00244021
   -3.99399399    0.00245789
   -3.94394394    0.00247578
   -3.89389389    0.00249388
   -3.84384384    0.00251219
   -3.79379379    0.00253072
   -3.74374374    0.00254947
   -3.69369369    0.00256845
   -3.64364364    0.00258765
   -3.59359359    0.00260709
   -3.54354354    0.00262676
   -3.49349349    0.00264667
   -3.44344344    0.00266683
   -3.39339339    0.00268724
   -3.34334334    0.00270789
   -3.29329329    0.00272881
   -3.24324324    0.00274999
   -3.19319319    0.00277143
   -3.14314314    0.00279314
   -3.09309309    0.00281514
   -3.04304304    0.00283741
   -2.99299299    0.00285996
   -2.94294294    0.00288281
   -2.89289289    0.00290596
   -2.84284284    0.00292940
   -2.79279279    0.00295316
   -2.74274274    0.00297723
   -2.69269269    0.00300161
   -2.64264264    0.00302632
   -2.59259259    0.00305137
   -2.54254254    0.00307675
   -2.49249249    0.00310247
   -2.44244244    0.00312854
   -2.39239239    0.00315498
   -2.34234234    0.00318177
   -2.29229229    0.00320894
   -2.24224224    0.00323648
   -2.19219219    0.00326442
   -2.14214214    0.00329274
   -2.09209209    0.00332147
   -2.04204204    0.00335061
   -1.99199199    0.00338016
   -1.94194194    0.00341015
   -1.89189189    0.00344056
   -1.84184184    0.00347143
   -1.79179179    0.00350275
   -1.74174174    0.00353453
   -1.69169169    0.00356678
   -1.64164164    0.00359952
   -1.59159159    0.00363276
   -1.54154154    0.00366649
   -1.49149149    0.00370075
   -1.44144144    0.00373553
   -1.39139139    0.00377085
   -1.34134134    0.00380673
   -1.29129129    0.00384317
   -1.24124124    0.00388018
   -1.19119119    0.00391779
   -1.14114114    0.00395599
   -1.09109109    0.00399482
   -1.04104104    0.00403428
   -0.99099099    0.00407439
   -0.94094094    0.00411516
   -0.89089089    0.00415661
   -0.84084084    0.00419876
   -0.79079079    0.00424163
   -0.74074074    0.00428522
   -0.69069069    0.00432957
   -0.64064064    0.00437469
   -0.59059059    0.00442059
   -0.54054054    0.00446731
   -0.49049049    0.00451486
   -0.44044044    0.00456327
   -0.39039039    0.00461256
   -0.34034034    0.00466275
   -0.29029029    0.00471387
   -0.24024024    0.00476595
   -0.19019019    0.00481901
   -0.14014014    0.00487308
   -0.09009009    0.00492810
   -0.04004004    0.00498393
    0.01001001    0.00504112
    0.06006006    0.00509975
    0.11011011    0.00515974
    0.16016016    0.00522057
    0.21021021    0.00528266
    0.26026026    0.00534604
    0.31031031    0.00541075
    0.36036036    0.00547685
    0.41041041    0.00554438
    0.46046046    0.00561339
    0.51051051    0.00568393
    0.56056056    0.00575606
    0.61061061    0.00582984
    0.66066066    0.00590533
    0.71071071    0.00598260
    0.76076076    0.00606172
    0.81081081    0.00614276
    0.86086086    0.00622580
    0.91091091    0.00631093
    0.96096096    0.00639824
    1.01101101    0.00648783
    1.06106106    0.00657979
    1.11111111    0.00667424
    1.16116116    0.00677130
    1.21121121    0.00687108
    1.26126126    0.00697373
    1.31131131    0.00707938
    1.36136136    0.00718818
    1.41141141    0.00730030
    1.46146146    0.00741590
    1.51151151    0.00753516
    1.56156156    0.00765828
    1.61161161    0.00778544
    1.66166166    0.00791685
    1.71171171    0.00805272
    1.76176176    0.00819324
    1.81181181    0.00833863
    1.86186186    0.00848907
    1.91191191    0.00864473
    1.96196196    0.00880576
    2.01201201    0.00897224
    2.06206206    0.00914422
    2.11211211    0.00932166
    2.16216216    0.00950443
    2.21221221    0.00969227
    2.26226226    0.00988482
    2.31231231    0.01008159
    2.36236236    0.01028196
    2.41241241    0.01048521
    2.46246246    0.01069057
    2.51251251    0.01089726
    2.56256256    0.01110459
    2.61261261    0.01131203
    2.66266266    0.01151931
    2.71271271    0.01172643
    2.76276276    0.01193377
    2.81281281    0.01214205
    2.86286286    0.01235228
    2.91291291    0.01256572
    2.96296296    0.01278381
    3.01301301    0.01300802
    3.06306306    0.01323981
    3.11311311    0.01348051
    3.16316316    0.01373132
    3.21321321    0.01399318
    3.26326326    0.01426679
    3.31331331    0.01455257
    3.36336336    0.01485065
    3.41341341    0.01516084
    3.46346346    0.01548269
    3.51351351    0.01581542
    3.56356356    0.01615805
    3.61361361    0.01650941
    3.66366366    0.01686819
    3.71371371    0.01723310
    3.76376376    0.01760289
    3.81381381    0.01797645
    3.86386386    0.01835290
    3.91391391    0.01873156
    3.96396396    0.01911197
    4.01401401    0.01949391
    4.06406406    0.01987738
    4.11411411    0.02026260
    4.16416416    0.02065011
    4.21421421    0.02104074
    4.26426426    0.02143577
    4.31431431    0.02183691
    4.36436436    0.02224636
    4.41441441    0.02266672
    4.46446446    0.02310096
    4.51451451    0.02355233
    4.56456456    0.02402419
    4.61461461    0.02451997
    4.66466466    0.02504303
    4.71471471    0.02559662
    4.76476476    0.02618389
    4.81481481    0.02680781
    4.86486486    0.02747126
    4.91491491    0.02817703
    4.96496496    0.02892785
    5.01501502    0.02972649
    5.06506507    0.03057574
    5.11511512    0.03147854
    5.16516517    0.03243794
    5.21521522    0.03345719
    5.26526527    0.03453971
    5.31531532    0.03568916
    5.36536537    0.03690934
    5.41541542    0.03820418
    5.46546547    0.03957769
    5.51551552    0.04103377
    5.56556557    0.04257616
    5.61561562    0.04420820
    5.66566567    0.04593265
    5.71571572    0.04775144
    5.76576577    0.04966544
    5.81581582    0.05167414
    5.86586587    0.05377539
    5.91591592    0.05596526
    5.96596597    0.05823783
    6.01601602    0.06058531
    6.06606607    0.06299835
    6.11611612    0.06546660
    6.16616617    0.06797977
    6.21621622    0.07052886
    6.26626627    0.07310771
    6.31631632    0.07571453
    6.36636637    0.07835327
    6.41641642    0.08103439
    6.46646647    0.08377512
    6.51651652    0.08659887
    6.56656657    0.08953409
    6.61661662    0.09261265
    6.66666667    0.09586799
    6.71671672    0.09933327
    6.76676677    0.10303974
    6.81681682    0.10701525
    6.86686687    0.11128296
    6.91691692    0.11586026
    6.96696697    0.12075765
    7.01701702    0.12597775
    7.06706707    0.13151425
    7.11711712    0.13735098
    7.16716717    0.14346120
    7.21721722    0.14980725
    7.26726727    0.15634090
    7.31731732    0.16300458
    7.36736737    0.16973362
    7.41741742    0.17645966
    7.46746747    0.18311506
    7.51751752    0.18963789
    7.56756757    0.19597681
    7.61761762    0.20209539
    7.66766767    0.20797473
    7.71771772    0.21361421
    7.76776777    0.21903005
    7.81781782    0.22425201
    7.86786787    0.22931877
    7.91791792    0.23427299
    7.96796797    0.23915667
    8.01801802    0.24400750
    8.06806807    0.24885614
    8.11811812    0.25372453
    8.16816817    0.25862475
    8.21821822    0.26355821
    8.26826827    0.26851503
    8.31831832    0.27347353
    8.36836837    0.27840002
    8.41841842    0.28324896
    8.46846847    0.28796339
    8.51851852    0.29247585
    8.56856857    0.29670963
    8.61861862    0.30058062
    8.66866867    0.30399998
    8.71871872    0.30687794
    8.76876877    0.30912868
    8.81881882    0.31067611
    8.86886887    0.31145980
    8.91891892    0.31143991
    8.96896897    0.31060027
    9.01901902    0.30894876
    9.06906907    0.30651492
    9.11911912    0.30334529
    9.16916917    0.29949750
    9.21921922    0.29503417
    9.26926927    0.29001775
    9.31931932    0.28450687
    9.36936937    0.27855451
    9.41941942    0.27220789
    9.46946947    0.26550982
    9.51951952    0.25850088
    9.56956957    0.25122201
    9.61961962    0.24371688
    9.66966967    0.23603339
    9.71971972    0.22822415
    9.76976977    0.22034547
    9.81981982    0.21245520
    9.86986987    0.20460978
    9.91991992    0.19686102
    9.96996997    0.18925346
   10.02002002    0.18182267
   10.07007007    0.17459491
   10.12012012    0.16758801
   10.17017017    0.16081328
   10.22022022    0.15427782
   10.27027027    0.14798672
   10.32032032    0.14194476
   10.37037037    0.13615726
   10.42042042    0.13063006
   10.47047047    0.12536882
   10.52052052    0.12037802
   10.57057057    0.11565969
   10.62062062    0.11121245
   10.67067067    0.10703076
   10.72072072    0.10310460
   10.77077077    0.09941956
   10.82082082    0.09595726
   10.87087087    0.09269627
   10.92092092    0.08961316
   10.97097097    0.08668389
   11.02102102    0.08388532
   11.07107107    0.08119664
   11.12112112    0.07860059
   11.17117117    0.07608436
   11.22122122    0.07363991
   11.27127127    0.07126385
   11.32132132    0.06895677
   11.37137137    0.06672229
   11.42142142    0.06456598
   11.47147147    0.06249425
   11.52152152    0.06051347
   11.57157157    0.05862930
   11.62162162    0.05684627
   11.67167167    0.05516764
   11.72172172    0.05359535
   11.77177177    0.05213021
   11.82182182    0.05077205
   11.87187187    0.04951996
   11.92192192    0.04837251
   11.97197197    0.04732797
   12.02202202    0.04638449
   12.07207207    0.04554022
   12.12212212    0.04479346
   12.17217217    0.04414270
   12.22222222    0.04358677
   12.27227227    0.04312476
   12.32232232    0.04275616
   12.37237237    0.04248074
   12.42242242    0.04229860
   12.47247247    0.04221011
   12.52252252    0.04221578
   12.57257257    0.04231618
   12.62262262    0.04251178
   12.67267267    0.04280274
   12.72272272    0.04318862
   12.77277277    0.04366808
   12.82282282    0.04423847
   12.87287287    0.04489534
   12.92292292    0.04563196
   12.97297297    0.04643876
   13.02302302    0.04730283
   13.07307307    0.04820751
   13.12312312    0.04913219
   13.17317317    0.05005239
   13.22322322    0.05094026
   13.27327327    0.05176556
   13.32332332    0.05249708
   13.37337337    0.05310446
   13.42342342    0.05356029
   13.47347347    0.05384213
   13.52352352    0.05393431
   13.57357357    0.05382921
   13.62362362    0.05352783
   13.67367367    0.05303971
   13.72372372    0.05238203
   13.77377377    0.05157822
   13.82382382    0.05065611
   13.87387387    0.04964598
   13.92392392    0.04857857
   13.97397397    0.04748338
   14.02402402    0.04638735
   14.07407407    0.04531384
   14.12412412    0.04428217
   14.17417417    0.04330734
   14.22422422    0.04240019
   14.27427427    0.04156759
   14.32432432    0.04081290
   14.37437437    0.04013636
   14.42442442    0.03953562
   14.47447447    0.03900636
   14.52452452    0.03854278
   14.57457457    0.03813836
   14.62462462    0.03778647
   14.67467467    0.03748102
   14.72472472    0.03721710
   14.77477477    0.03699134
   14.82482482    0.03680217
   14.87487487    0.03664971
   14.92492492    0.03653554
   14.97497497    0.03646215
   15.02502503    0.03643237
   15.07507508    0.03644872
   15.12512513    0.03651283
   15.17517518    0.03662494
   15.22522523    0.03678363
   15.27527528    0.03698565
   15.32532533    0.03722597
   15.37537538    0.03749800
   15.42542543    0.03779396
   15.47547548    0.03810537
   15.52552553    0.03842354
   15.57557558    0.03874012
   15.62562563    0.03904746
   15.67567568    0.03933897
   15.72572573    0.03960921
   15.77577578    0.03985397
   15.82582583    0.04007022
   15.87587588    0.04025608
   15.92592593    0.04041079
   15.97597598    0.04053466
   16.02602603    0.04062911
   16.07607608    0.04069668
   16.12612613    0.04074098
   16.17617618    0.04076657
   16.22622623    0.04077876
   16.27627628    0.04078331
   16.32632633    0.04078600
   16.37637638    0.04079229
   16.42642643    0.04080692
   16.47647648    0.04083367
   16.52652653    0.04087536
   16.57657658    0.04093392
   16.62662663    0.04101076
   16.67667668    0.04110714
   16.72672673    0.04122461
   16.77677678    0.04136539
   16.82682683    0.04153252
   16.87687688    0.04172995
   16.92692693    0.04196232
   16.97697698    0.04223462
   17.02702703    0.04255177
   17.07707708    0.04291815
   17.12712713    0.04333722
   17.17717718    0.04381113
   17.22722723    0.04434056
   17.27727728    0.04492452
   17.32732733    0.04556028
   17.37737738    0.04624331
   17.42742743    0.04696728
   17.47747748    0.04772415
   17.52752753    0.04850435
   17.57757758    0.04929723
   17.62762763    0.05009167
   17.67767768    0.05087684
   17.72772773    0.05164318
   17.77777778    0.05238316
   17.82782783    0.05309198
   17.87787788    0.05376782
   17.92792793    0.05441168
   17.97797798    0.05502679
   18.02802803    0.05561770
   18.07807808    0.05618934
   18.12812813    0.05674610
   18.17817818    0.05729144
   18.22822823    0.05782787
   18.27827828    0.05835750
   18.32832833    0.05888296
   18.37837838    0.05940847
   18.42842843    0.05994080
   18.47847848    0.06048981
   18.52852853    0.06106855
   18.57857858    0.06169275
   18.62862863    0.06237980
   18.67867868    0.06314752
   18.72872873    0.06401268
   18.77877878    0.06498966
   18.82882883    0.06608917
   18.87887888    0.06731714
   18.92892893    0.06867387
   18.97897898    0.07015339
   19.02902903    0.07174300
   19.07907908    0.07342321
   19.12912913    0.07516782
   19.17917918    0.07694449
   19.22922923    0.07871548
   19.27927928    0.08043873
   19.32932933    0.08206921
   19.37937938    0.08356045
   19.42942943    0.08486632
   19.47947948    0.08594308
   19.52952953    0.08675160
   19.57957958    0.08725986
   19.62962963    0.08744531
   19.67967968    0.08729702
   19.72972973    0.08681713
   19.77977978    0.08602143
   19.82982983    0.08493879
   19.87987988    0.08360944
   19.92992993    0.08208234
   19.97997998    0.08041195
   20.03003003    0.07865477
   20.08008008    0.07686619
   20.13013013    0.07509774
   20.18018018    0.07339517
   20.23023023    0.07179727
   20.28028028    0.07033524
   20.33033033    0.06903269
   20.38038038    0.06790595
   20.43043043    0.06696451
   20.48048048    0.06621156
   20.53053053    0.06564443
   20.58058058    0.06525509
   20.63063063    0.06503038
   20.68068068    0.06495240
   20.73073073    0.06499875
   20.78078078    0.06514300
   20.83083083    0.06535526
   20.88088088    0.06560300
   20.93093093    0.06585224
   20.98098098    0.06606896
   21.03103103    0.06622095
   21.08108108    0.06627963
   21.13113113    0.06622197
   21.18118118    0.06603208
   21.23123123    0.06570225
   21.28128128    0.06523313
   21.33133133    0.06463318
   21.38138138    0.06391719
   21.43143143    0.06310419
   21.48148148    0.06221516
   21.53153153    0.06127071
   21.58158158    0.06028935
   21.63163163    0.05928625
   21.68168168    0.05827295
   21.73173173    0.05725761
   21.78178178    0.05624596
   21.83183183    0.05524249
   21.88188188    0.05425170
   21.93193193    0.05327907
   21.98198198    0.05233166
   22.03203203    0.05141824
   22.08208208    0.05054893
   22.13213213    0.04973456
   22.18218218    0.04898588
   22.23223223    0.04831278
   22.28228228    0.04772364
   22.33233233    0.04722484
   22.38238238    0.04682053
   22.43243243    0.04651246
   22.48248248    0.04630010
   22.53253253    0.04618071
   22.58258258    0.04614956
   22.63263263    0.04620017
   22.68268268    0.04632459
   22.73273273    0.04651363
   22.78278278    0.04675721
   22.83283283    0.04704462
   22.88288288    0.04736481
   22.93293293    0.04770667
   22.98298298    0.04805928
   23.03303303    0.04841226
   23.08308308    0.04875608
   23.13313313    0.04908248
   23.18318318    0.04938494
   23.23323323    0.04965915
   23.28328328    0.04990349
   23.33333333    0.05011939
   23.38338338    0.05031157
   23.43343343    0.05048803
   23.48348348    0.05065976
   23.53353353    0.05084020
   23.58358358    0.05104450
   23.63363363    0.05128853
   23.68368368    0.05158797
   23.73373373    0.05195736
   23.78378378    0.05240922
   23.83383383    0.05295348
   23.88388388    0.05359686
   23.93393393    0.05434266
   23.98398398    0.05519052
   24.03403403    0.05613643
   24.08408408    0.05717289
   24.13413413    0.05828916
   24.18418418    0.05947162
   24.23423423    0.06070422
   24.28428428    0.06196897
   24.33433433    0.06324644
   24.38438438    0.06451632
   24.43443443    0.06575809
   24.48448448    0.06695177
   24.53453453    0.06807891
   24.58458458    0.06912368
   24.63463463    0.07007404
   24.68468468    0.07092272
   24.73473473    0.07166781
   24.78478478    0.07231291
   24.83483483    0.07286662
   24.88488488    0.07334154
   24.93493493    0.07375310
   24.98498498    0.07411820
   25.03503504    0.07445406
   25.08508509    0.07477728
   25.13513514    0.07510307
   25.18518519    0.07544454
   25.23523524    0.07581193
   25.28528529    0.07621170
   25.33533534    0.07664549
   25.38538539    0.07710902
   25.43543544    0.07759122
   25.48548549    0.07807384
   25.53553554    0.07853161
   25.58558559    0.07893336
   25.63563564    0.07924403
   25.68568569    0.07942745
   25.73573574    0.07944967
   25.78578579    0.07928236
   25.83583584    0.07890579
   25.88588589    0.07831087
   25.93593594    0.07750001
   25.98598599    0.07648670
   26.03603604    0.07529396
   26.08608609    0.07395213
   26.13613614    0.07249635
   26.18618619    0.07096410
   26.23623624    0.06939310
   26.28628629    0.06781958
   26.33633634    0.06627707
   26.38638639    0.06479549
   26.43643644    0.06340058
   26.48648649    0.06211361
   26.53653654    0.06095113
   26.58658659    0.05992499
   26.63663664    0.05904238
   26.68668669    0.05830591
   26.73673674    0.05771381
   26.78678679    0.05726014
   26.83683684    0.05693511
   26.88688689    0.05672546
   26.93693694    0.05661501
   26.98698699    0.05658538
   27.03703704    0.05661681
   27.08708709    0.05668909
   27.13713714    0.05678251
   27.18718719    0.05687862
   27.23723724    0.05696085
   27.28728729    0.05701470
   27.33733734    0.05702770
   27.38738739    0.05698908
   27.43743744    0.05688934
   27.48748749    0.05671989
   27.53753754    0.05647304
   27.58758759    0.05614214
   27.63763764    0.05572223
   27.68768769    0.05521077
   27.73773774    0.05460843
   27.78778779    0.05391977
   27.83783784    0.05315344
   27.88788789    0.05232215
   27.93793794    0.05144204
   27.98798799    0.05053185
   28.03803804    0.04961178
   28.08808809    0.04870242
   28.13813814    0.04782365
   28.18818819    0.04699383
   28.23823824    0.04622924
   28.28828829    0.04554377
   28.33833834    0.04494878
   28.38838839    0.04445326
   28.43843844    0.04406398
   28.48848849    0.04378577
   28.53853854    0.04362177
   28.58858859    0.04357370
   28.63863864    0.04364203
   28.68868869    0.04382613
   28.73873874    0.04412439
   28.78878879    0.04453422
   28.83883884    0.04505205
   28.88888889    0.04567325
   28.93893894    0.04639210
   28.98898899    0.04720167
   29.03903904    0.04809384
   29.08908909    0.04905935
   29.13913914    0.05008804
   29.18918919    0.05116916
   29.23923924    0.05229194
   29.28928929    0.05344615
   29.33933934    0.05462269
   29.38938939    0.05581403
   29.43943944    0.05701441
   29.48948949    0.05821968
   29.53953954    0.05942682
   29.58958959    0.06063322
   29.63963964    0.06183588
   29.68968969    0.06303066
   29.73973974    0.06421182
   29.78978979    0.06537199
   29.83983984    0.06650248
   29.88988989    0.06759393
   29.93993994    0.06863720
   29.98998999    0.06962428
   30.04004004    0.07054894
   30.09009009    0.07140715
   30.14014014    0.07219687
   30.19019019    0.07291755
   30.24024024    0.07356908
   30.29029029    0.07415073
   30.34034034    0.07466007
   30.39039039    0.07509237
   30.44044044    0.07544038
   30.49049049    0.07569487
   30.54054054    0.07584550
   30.59059059    0.07588214
   30.64064064    0.07579613
   30.69069069    0.07558141
   30.74074074    0.07523524
   30.79079079    0.07475853
   30.84084084    0.07415564
   30.89089089    0.07343400
   30.94094094    0.07260341
   30.99099099    0.07167544
   31.04104104    0.07066280
   31.09109109    0.06957880
   31.14114114    0.06843692
   31.19119119    0.06725041
   31.24124124    0.06603198
   31.29129129    0.06479359
   31.34134134    0.06354634
   31.39139139    0.06230064
   31.44144144    0.06106639
   31.49149149    0.05985332
   31.54154154    0.05867136
   31.59159159    0.05753071
   31.64164164    0.05644194
   31.69169169    0.05541566
   31.74174174    0.05446214
   31.79179179    0.05359074
   31.84184184    0.05280935
   31.89189189    0.05212383
   31.94194194    0.05153755
   31.99199199    0.05105110
   32.04204204    0.05066213
   32.09209209    0.05036534
   32.14214214    0.05015275
   32.19219219    0.05001415
   32.24224224    0.04993772
   32.29229229    0.04991099
   32.34234234    0.04992184
   32.39239239    0.04995965
   32.44244244    0.05001624
   32.49249249    0.05008664
   32.54254254    0.05016941
   32.59259259    0.05026656
   32.64264264    0.05038302
   32.69269269    0.05052574
   32.74274274    0.05070272
   32.79279279    0.05092193
   32.84284284    0.05119042
   32.89289289    0.05151356
   32.94294294    0.05189453
   32.99299299    0.05233401
   33.04304304    0.05283006
   33.09309309    0.05337819
   33.14314314    0.05397151
   33.19319319    0.05460104
   33.24324324    0.05525616
   33.29329329    0.05592503
   33.34334334    0.05659513
   33.39339339    0.05725378
   33.44344344    0.05788854
   33.49349349    0.05848749
   33.54354354    0.05903939
   33.59359359    0.05953363
   33.64364364    0.05996010
   33.69369369    0.06030897
   33.74374374    0.06057054
   33.79379379    0.06073518
   33.84384384    0.06079364
   33.89389389    0.06073752
   33.94394394    0.06056013
   33.99399399    0.06025748
   34.04404404    0.05982932
   34.09409409    0.05927998
   34.14414414    0.05861884
   34.19419419    0.05786030
   34.24424424    0.05702322
   34.29429429    0.05612990
   34.34434434    0.05520478
   34.39439439    0.05427305
   34.44444444    0.05335926
   34.49449449    0.05248628
   34.54454454    0.05167441
   34.59459459    0.05094084
   34.64464464    0.05029937
   34.69469469    0.04976027
   34.74474474    0.04933038
   34.79479479    0.04901311
   34.84484484    0.04880864
   34.89489489    0.04871398
   34.94494494    0.04872312
   34.99499499    0.04882719
   35.04504505    0.04901455
   35.09509510    0.04927119
   35.14514515    0.04958103
   35.19519520    0.04992651
   35.24524525    0.05028932
   35.29529530    0.05065124
   35.34534535    0.05099508
   35.39539540    0.05130561
   35.44544545    0.05157038
   35.49549550    0.05178039
   35.54554555    0.05193044
   35.59559560    0.05201923
   35.64564565    0.05204917
   35.69569570    0.05202588
   35.74574575    0.05195757
   35.79579580    0.05185420
   35.84584585    0.05172659
   35.89589590    0.05158553
   35.94594595    0.05144090
   35.99599600    0.05130086
   36.04604605    0.05117117
   36.09609610    0.05105465
   36.14614615    0.05095080
   36.19619620    0.05085576
   36.24624625    0.05076247
   36.29629630    0.05066119
   36.34634635    0.05054034
   36.39639640    0.05038760
   36.44644645    0.05019122
   36.49649650    0.04994125
   36.54654655    0.04963073
   36.59659660    0.04925652
   36.64664665    0.04881960
   36.69669670    0.04832497
   36.74674675    0.04778090
   36.79679680    0.04719790
   36.84684685    0.04658749
   36.89689690    0.04596083
   36.94694695    0.04532769
   36.99699700    0.04469557
   37.04704705    0.04406931
   37.09709710    0.04345100
   37.14714715    0.04284031
   37.19719720    0.04223500
   37.24724725    0.04163165
   37.29729730    0.04102646
   37.34734735    0.04041592
   37.39739740    0.03979753
   37.44744745    0.03917020
   37.49749750    0.03853461
   37.54754755    0.03789325
   37.59759760    0.03725033
   37.64764765    0.03661152
   37.69769770    0.03598355
   37.74774775    0.03537372
   37.79779780    0.03478940
   37.84784785    0.03423754
   37.89789790    0.03372424
   37.94794795    0.03325438
   37.99799800    0.03283137
   38.04804805    0.03245689
   38.09809810    0.03213081
   38.14814815    0.03185106
   38.19819820    0.03161368
   38.24824825    0.03141288
   38.29829830    0.03124129
   38.34834835    0.03109025
   38.39839840    0.03095038
   38.44844845    0.03081217
   38.49849850    0.03066670
   38.54854855    0.03050640
   38.59859860    0.03032564
   38.64864865    0.03012116
   38.69869870    0.02989223
   38.74874875    0.02964040
   38.79879880    0.02936914
   38.84884885    0.02908313
   38.89889890    0.02878762
   38.94894895    0.02848781
   38.99899900    0.02818834
   39.04904905    0.02789300
   39.09909910    0.02760464
   39.14914915    0.02732517
   39.19919920    0.02705575
   39.24924925    0.02679702
   39.29929930    0.02654929
   39.34934935    0.02631288
   39.39939940    0.02608828
   39.44944945    0.02587636
   39.49949950    0.02567851
   39.54954955    0.02549671
   39.59959960    0.02533354
   39.64964965    0.02519213
   39.69969970    0.02507600
   39.74974975    0.02498895
   39.79979980    0.02493480
   39.84984985    0.02491725
   39.89989990    0.02493968
   39.94994995    0.02500497
   40.00000000    0.02511540
