# Final state angular momentum:   1
# Broadening parameter (in eV):    0.800
# Absorbing atom type (xiabs):   3
# Energy (eV)   sigma
  -10.00000000    0.00036882
   -9.94994995    0.00037063
   -9.89989990    0.00037245
   -9.84984985    0.00037429
   -9.79979980    0.00037615
   -9.74974975    0.00037802
   -9.69969970    0.00037991
   -9.64964965    0.00038181
   -9.59959960    0.00038373
   -9.54954955    0.00038567
   -9.49949950    0.00038763
   -9.44944945    0.00038961
   -9.39939940    0.00039160
   -9.34934935    0.00039362
   -9.29929930    0.00039565
   -9.24924925    0.00039770
   -9.19919920    0.00039977
   -9.14914915    0.00040186
   -9.09909910    0.00040397
   -9.04904905    0.00040610
   -8.99899900    0.00040825
   -8.94894895    0.00041042
   -8.89889890    0.00041261
   -8.84884885    0.00041483
   -8.79879880    0.00041706
   -8.74874875    0.00041932
   -8.69869870    0.00042160
   -8.64864865    0.00042390
   -8.59859860    0.00042622
   -8.54854855    0.00042857
   -8.49849850    0.00043094
   -8.44844845    0.00043334
   -8.39839840    0.00043576
   -8.34834835    0.00043821
   -8.29829830    0.00044068
   -8.24824825    0.00044317
   -8.19819820    0.00044569
   -8.14814815    0.00044824
   -8.09809810    0.00045082
   -8.04804805    0.00045342
   -7.99799800    0.00045605
   -7.94794795    0.00045870
   -7.89789790    0.00046139
   -7.84784785    0.00046411
   -7.79779780    0.00046685
   -7.74774775    0.00046962
   -7.69769770    0.00047243
   -7.64764765    0.00047526
   -7.59759760    0.00047813
   -7.54754755    0.00048103
   -7.49749750    0.00048396
   -7.44744745    0.00048692
   -7.39739740    0.00048992
   -7.34734735    0.00049295
   -7.29729730    0.00049602
   -7.24724725    0.00049912
   -7.19719720    0.00050225
   -7.14714715    0.00050543
   -7.09709710    0.00050864
   -7.04704705    0.00051189
   -6.99699700    0.00051517
   -6.94694695    0.00051850
   -6.89689690    0.00052186
   -6.84684685    0.00052527
   -6.79679680    0.00052872
   -6.74674675    0.00053220
   -6.69669670    0.00053574
   -6.64664665    0.00053931
   -6.59659660    0.00054293
   -6.54654655    0.00054660
   -6.49649650    0.00055031
   -6.44644645    0.00055407
   -6.39639640    0.00055787
   -6.34634635    0.00056173
   -6.29629630    0.00056563
   -6.24624625    0.00056958
   -6.19619620    0.00057359
   -6.14614615    0.00057765
   -6.09609610    0.00058176
   -6.04604605    0.00058593
   -5.99599600    0.00059015
   -5.94594595    0.00059443
   -5.89589590    0.00059877
   -5.84584585    0.00060316
   -5.79579580    0.00060762
   -5.74574575    0.00061214
   -5.69569570    0.00061672
   -5.64564565    0.00062136
   -5.59559560    0.00062608
   -5.54554555    0.00063085
   -5.49549550    0.00063570
   -5.44544545    0.00064062
   -5.39539540    0.00064560
   -5.34534535    0.00065067
   -5.29529530    0.00065580
   -5.24524525    0.00066101
   -5.19519520    0.00066630
   -5.14514515    0.00067167
   -5.09509510    0.00067712
   -5.04504505    0.00068266
   -4.99499499    0.00068827
   -4.94494494    0.00069398
   -4.89489489    0.00069978
   -4.84484484    0.00070566
   -4.79479479    0.00071164
   -4.74474474    0.00071772
   -4.69469469    0.00072389
   -4.64464464    0.00073017
   -4.59459459    0.00073654
   -4.54454454    0.00074302
   -4.49449449    0.00074961
   -4.44444444    0.00075631
   -4.39439439    0.00076313
   -4.34434434    0.00077006
   -4.29429429    0.00077711
   -4.24424424    0.00078428
   -4.19419419    0.00079158
   -4.14414414    0.00079900
   -4.09409409    0.00080656
   -4.04404404    0.00081425
   -3.99399399    0.00082208
   -3.94394394    0.00083006
   -3.89389389    0.00083818
   -3.84384384    0.00084646
   -3.79379379    0.00085488
   -3.74374374    0.00086347
   -3.69369369    0.00087222
   -3.64364364    0.00088115
   -3.59359359    0.00089024
   -3.54354354    0.00089951
   -3.49349349    0.00090897
   -3.44344344    0.00091861
   -3.39339339    0.00092846
   -3.34334334    0.00093850
   -3.29329329    0.00094875
   -3.24324324    0.00095921
   -3.19319319    0.00096989
   -3.14314314    0.00098080
   -3.09309309    0.00099194
   -3.04304304    0.00100332
   -2.99299299    0.00101495
   -2.94294294    0.00102684
   -2.89289289    0.00103900
   -2.84284284    0.00105143
   -2.79279279    0.00106414
   -2.74274274    0.00107714
   -2.69269269    0.00109045
   -2.64264264    0.00110408
   -2.59259259    0.00111802
   -2.54254254    0.00113231
   -2.49249249    0.00114694
   -2.44244244    0.00116193
   -2.39239239    0.00117729
   -2.34234234    0.00119304
   -2.29229229    0.00120920
   -2.24224224    0.00122577
   -2.19219219    0.00124277
   -2.14214214    0.00126023
   -2.09209209    0.00127814
   -2.04204204    0.00129655
   -1.99199199    0.00131546
   -1.94194194    0.00133489
   -1.89189189    0.00135487
   -1.84184184    0.00137542
   -1.79179179    0.00139656
   -1.74174174    0.00141831
   -1.69169169    0.00144071
   -1.64164164    0.00146379
   -1.59159159    0.00148756
   -1.54154154    0.00151206
   -1.49149149    0.00153733
   -1.44144144    0.00156340
   -1.39139139    0.00159030
   -1.34134134    0.00161808
   -1.29129129    0.00164677
   -1.24124124    0.00167641
   -1.19119119    0.00170707
   -1.14114114    0.00173878
   -1.09109109    0.00177160
   -1.04104104    0.00180558
   -0.99099099    0.00184078
   -0.94094094    0.00187727
   -0.89089089    0.00191511
   -0.84084084    0.00195437
   -0.79079079    0.00199514
   -0.74074074    0.00203749
   -0.69069069    0.00208151
   -0.64064064    0.00212729
   -0.59059059    0.00217494
   -0.54054054    0.00222457
   -0.49049049    0.00227628
   -0.44044044    0.00233020
   -0.39039039    0.00238647
   -0.34034034    0.00244523
   -0.29029029    0.00250663
   -0.24024024    0.00257084
   -0.19019019    0.00263805
   -0.14014014    0.00270843
   -0.09009009    0.00278188
   -0.04004004    0.00285798
    0.01001001    0.00293879
    0.06006006    0.00302483
    0.11011011    0.00311610
    0.16016016    0.00321065
    0.21021021    0.00331029
    0.26026026    0.00341537
    0.31031031    0.00352631
    0.36036036    0.00364353
    0.41041041    0.00376752
    0.46046046    0.00389880
    0.51051051    0.00403792
    0.56056056    0.00418551
    0.61061061    0.00434224
    0.66066066    0.00450882
    0.71071071    0.00468605
    0.76076076    0.00487477
    0.81081081    0.00507592
    0.86086086    0.00529049
    0.91091091    0.00551954
    0.96096096    0.00576422
    1.01101101    0.00602574
    1.06106106    0.00630537
    1.11111111    0.00660445
    1.16116116    0.00692435
    1.21121121    0.00726646
    1.26126126    0.00763215
    1.31131131    0.00802273
    1.36136136    0.00843943
    1.41141141    0.00888329
    1.46146146    0.00935512
    1.51151151    0.00985542
    1.56156156    0.01038432
    1.61161161    0.01094147
    1.66166166    0.01152599
    1.71171171    0.01213645
    1.76176176    0.01277081
    1.81181181    0.01342641
    1.86186186    0.01409997
    1.91191191    0.01478753
    1.96196196    0.01548438
    2.01201201    0.01618487
    2.06206206    0.01688228
    2.11211211    0.01756849
    2.16216216    0.01823389
    2.21221221    0.01886723
    2.26226226    0.01945589
    2.31231231    0.01998628
    2.36236236    0.02044474
    2.41241241    0.02081864
    2.46246246    0.02109765
    2.51251251    0.02127500
    2.56256256    0.02134837
    2.61261261    0.02132034
    2.66266266    0.02119821
    2.71271271    0.02099325
    2.76276276    0.02071948
    2.81281281    0.02039225
    2.86286286    0.02002679
    2.91291291    0.01963697
    2.96296296    0.01923432
    3.01301301    0.01882752
    3.06306306    0.01842214
    3.11311311    0.01802078
    3.16316316    0.01762343
    3.21321321    0.01722804
    3.26326326    0.01683128
    3.31331331    0.01642927
    3.36336336    0.01601832
    3.41341341    0.01559566
    3.46346346    0.01515985
    3.51351351    0.01471104
    3.56356356    0.01425101
    3.61361361    0.01378289
    3.66366366    0.01331087
    3.71371371    0.01283968
    3.76376376    0.01237418
    3.81381381    0.01191897
    3.86386386    0.01147813
    3.91391391    0.01105503
    3.96396396    0.01065225
    4.01401401    0.01027166
    4.06406406    0.00991441
    4.11411411    0.00958109
    4.16416416    0.00927181
    4.21421421    0.00898631
    4.26426426    0.00872408
    4.31431431    0.00848439
    4.36436436    0.00826640
    4.41441441    0.00806920
    4.46446446    0.00789185
    4.51451451    0.00773338
    4.56456456    0.00759286
    4.61461461    0.00746939
    4.66466466    0.00736215
    4.71471471    0.00727037
    4.76476476    0.00719335
    4.81481481    0.00713053
    4.86486486    0.00708139
    4.91491491    0.00704554
    4.96496496    0.00702270
    5.01501502    0.00701268
    5.06506507    0.00701536
    5.11511512    0.00703076
    5.16516517    0.00705896
    5.21521522    0.00710010
    5.26526527    0.00715443
    5.31531532    0.00722225
    5.36536537    0.00730392
    5.41541542    0.00739987
    5.46546547    0.00751057
    5.51551552    0.00763655
    5.56556557    0.00777838
    5.61561562    0.00793669
    5.66566567    0.00811212
    5.71571572    0.00830534
    5.76576577    0.00851705
    5.81581582    0.00874791
    5.86586587    0.00899858
    5.91591592    0.00926968
    5.96596597    0.00956173
    6.01601602    0.00987518
    6.06606607    0.01021033
    6.11611612    0.01056735
    6.16616617    0.01094627
    6.21621622    0.01134696
    6.26626627    0.01176917
    6.31631632    0.01221254
    6.36636637    0.01267670
    6.41641642    0.01316122
    6.46646647    0.01366567
    6.51651652    0.01418953
    6.56656657    0.01473214
    6.61661662    0.01529242
    6.66666667    0.01586868
    6.71671672    0.01645835
    6.76676677    0.01705770
    6.81681682    0.01766172
    6.86686687    0.01826409
    6.91691692    0.01885741
    6.96696697    0.01943360
    7.01701702    0.01998458
    7.06706707    0.02050300
    7.11711712    0.02098317
    7.16716717    0.02142170
    7.21721722    0.02181803
    7.26726727    0.02217458
    7.31731732    0.02249651
    7.36736737    0.02279116
    7.41741742    0.02306733
    7.46746747    0.02333437
    7.51751752    0.02360143
    7.56756757    0.02387674
    7.61761762    0.02416719
    7.66766767    0.02447798
    7.71771772    0.02481253
    7.76776777    0.02517254
    7.81781782    0.02555824
    7.86786787    0.02596866
    7.91791792    0.02640217
    7.96796797    0.02685690
    8.01801802    0.02733121
    8.06806807    0.02782403
    8.11811812    0.02833489
    8.16816817    0.02886382
    8.21821822    0.02941084
    8.26826827    0.02997532
    8.31831832    0.03055518
    8.36836837    0.03114622
    8.41841842    0.03174148
    8.46846847    0.03233099
    8.51851852    0.03290183
    8.56856857    0.03343861
    8.61861862    0.03392430
    8.66866867    0.03434138
    8.71871872    0.03467318
    8.76876877    0.03490521
    8.81881882    0.03502636
    8.86886887    0.03502985
    8.91891892    0.03491373
    8.96896897    0.03468107
    9.01901902    0.03433960
    9.06906907    0.03390113
    9.11911912    0.03338052
    9.16916917    0.03279456
    9.21921922    0.03216078
    9.26926927    0.03149624
    9.31931932    0.03081651
    9.36936937    0.03013492
    9.41941942    0.02946197
    9.46946947    0.02880513
    9.51951952    0.02816885
    9.56956957    0.02755481
    9.61961962    0.02696244
    9.66966967    0.02638952
    9.71971972    0.02583289
    9.76976977    0.02528917
    9.81981982    0.02475538
    9.86986987    0.02422945
    9.91991992    0.02371052
    9.96996997    0.02319904
   10.02002002    0.02269668
   10.07007007    0.02220618
   10.12012012    0.02173099
   10.17017017    0.02127491
   10.22022022    0.02084170
   10.27027027    0.02043467
   10.32032032    0.02005636
   10.37037037    0.01970824
   10.42042042    0.01939054
   10.47047047    0.01910218
   10.52052052    0.01884077
   10.57057057    0.01860283
   10.62062062    0.01838398
   10.67067067    0.01817928
   10.72072072    0.01798363
   10.77077077    0.01779206
   10.82082082    0.01760011
   10.87087087    0.01740400
   10.92092092    0.01720077
   10.97097097    0.01698841
   11.02102102    0.01676580
   11.07107107    0.01653273
   11.12112112    0.01628994
   11.17117117    0.01603903
   11.22122122    0.01578249
   11.27127127    0.01552357
   11.32132132    0.01526615
   11.37137137    0.01501454
   11.42142142    0.01477325
   11.47147147    0.01454676
   11.52152152    0.01433932
   11.57157157    0.01415482
   11.62162162    0.01399669
   11.67167167    0.01386788
   11.72172172    0.01377088
   11.77177177    0.01370777
   11.82182182    0.01368032
   11.87187187    0.01369003
   11.92192192    0.01373823
   11.97197197    0.01382615
   12.02202202    0.01395497
   12.07207207    0.01412581
   12.12212212    0.01433982
   12.17217217    0.01459812
   12.22222222    0.01490176
   12.27227227    0.01525170
   12.32232232    0.01564867
   12.37237237    0.01609309
   12.42242242    0.01658484
   12.47247247    0.01712310
   12.52252252    0.01770608
   12.57257257    0.01833073
   12.62262262    0.01899245
   12.67267267    0.01968479
   12.72272272    0.02039919
   12.77277277    0.02112488
   12.82282282    0.02184886
   12.87287287    0.02255624
   12.92292292    0.02323076
   12.97297297    0.02385565
   13.02302302    0.02441478
   13.07307307    0.02489390
   13.12312312    0.02528185
   13.17317317    0.02557153
   13.22322322    0.02576051
   13.27327327    0.02585103
   13.32332332    0.02584958
   13.37337337    0.02576609
   13.42342342    0.02561280
   13.47347347    0.02540329
   13.52352352    0.02515141
   13.57357357    0.02487060
   13.62362362    0.02457322
   13.67367367    0.02427022
   13.72372372    0.02397076
   13.77377377    0.02368207
   13.82382382    0.02340929
   13.87387387    0.02315549
   13.92392392    0.02292175
   13.97397397    0.02270745
   14.02402402    0.02251071
   14.07407407    0.02232890
   14.12412412    0.02215926
   14.17417417    0.02199960
   14.22422422    0.02184876
   14.27427427    0.02170704
   14.32432432    0.02157628
   14.37437437    0.02145980
   14.42442442    0.02136205
   14.47447447    0.02128813
   14.52452452    0.02124331
   14.57457457    0.02123250
   14.62462462    0.02125984
   14.67467467    0.02132846
   14.72472472    0.02144026
   14.77477477    0.02159595
   14.82482482    0.02179517
   14.87487487    0.02203661
   14.92492492    0.02231838
   14.97497497    0.02263823
   15.02502503    0.02299387
   15.07507508    0.02338320
   15.12512513    0.02380439
   15.17517518    0.02425589
   15.22522523    0.02473624
   15.27527528    0.02524378
   15.32532533    0.02577617
   15.37537538    0.02632996
   15.42542543    0.02690007
   15.47547548    0.02747944
   15.52552553    0.02805876
   15.57557558    0.02862645
   15.62562563    0.02916893
   15.67567568    0.02967112
   15.72572573    0.03011715
   15.77577578    0.03049138
   15.82582583    0.03077937
   15.87587588    0.03096893
   15.92592593    0.03105094
   15.97597598    0.03101993
   16.02602603    0.03087437
   16.07607608    0.03061654
   16.12612613    0.03025222
   16.17617618    0.02979009
   16.22622623    0.02924103
   16.27627628    0.02861734
   16.32632633    0.02793204
   16.37637638    0.02719816
   16.42642643    0.02642820
   16.47647648    0.02563377
   16.52652653    0.02482538
   16.57657658    0.02401231
   16.62662663    0.02320270
   16.67667668    0.02240362
   16.72672673    0.02162118
   16.77677678    0.02086068
   16.82682683    0.02012664
   16.87687688    0.01942290
   16.92692693    0.01875260
   16.97697698    0.01811820
   17.02702703    0.01752141
   17.07707708    0.01696324
   17.12712713    0.01644393
   17.17717718    0.01596300
   17.22722723    0.01551926
   17.27727728    0.01511086
   17.32732733    0.01473539
   17.37737738    0.01438993
   17.42742743    0.01407120
   17.47747748    0.01377567
   17.52752753    0.01349977
   17.57757758    0.01323998
   17.62762763    0.01299311
   17.67767768    0.01275637
   17.72772773    0.01252762
   17.77777778    0.01230538
   17.82782783    0.01208891
   17.87787788    0.01187818
   17.92792793    0.01167377
   17.97797798    0.01147675
   18.02802803    0.01128855
   18.07807808    0.01111079
   18.12812813    0.01094513
   18.17817818    0.01079320
   18.22822823    0.01065650
   18.27827828    0.01053638
   18.32832833    0.01043397
   18.37837838    0.01035025
   18.42842843    0.01028597
   18.47847848    0.01024176
   18.52852853    0.01021805
   18.57857858    0.01021514
   18.62862863    0.01023315
   18.67867868    0.01027206
   18.72872873    0.01033167
   18.77877878    0.01041156
   18.82882883    0.01051108
   18.87887888    0.01062934
   18.92892893    0.01076511
   18.97897898    0.01091687
   19.02902903    0.01108279
   19.07907908    0.01126071
   19.12912913    0.01144827
   19.17917918    0.01164300
   19.22922923    0.01184246
   19.27927928    0.01204441
   19.32932933    0.01224706
   19.37937938    0.01244920
   19.42942943    0.01265037
   19.47947948    0.01285091
   19.52952953    0.01305192
   19.57957958    0.01325520
   19.62962963    0.01346306
   19.67967968    0.01367813
   19.72972973    0.01390319
   19.77977978    0.01414097
   19.82982983    0.01439409
   19.87987988    0.01466497
   19.92992993    0.01495581
   19.97997998    0.01526860
   20.03003003    0.01560510
   20.08008008    0.01596676
   20.13013013    0.01635468
   20.18018018    0.01676947
   20.23023023    0.01721111
   20.28028028    0.01767877
   20.33033033    0.01817069
   20.38038038    0.01868414
   20.43043043    0.01921534
   20.48048048    0.01975955
   20.53053053    0.02031115
   20.58058058    0.02086383
   20.63063063    0.02141075
   20.68068068    0.02194471
   20.73073073    0.02245831
   20.78078078    0.02294407
   20.83083083    0.02339472
   20.88088088    0.02380333
   20.93093093    0.02416377
   20.98098098    0.02447110
   21.03103103    0.02472208
   21.08108108    0.02491560
   21.13113113    0.02505301
   21.18118118    0.02513817
   21.23123123    0.02517731
   21.28128128    0.02517853
   21.33133133    0.02515118
   21.38138138    0.02510511
   21.43143143    0.02504994
   21.48148148    0.02499440
   21.53153153    0.02494583
   21.58158158    0.02490978
   21.63163163    0.02488987
   21.68168168    0.02488771
   21.73173173    0.02490296
   21.78178178    0.02493350
   21.83183183    0.02497571
   21.88188188    0.02502477
   21.93193193    0.02507508
   21.98198198    0.02512074
   22.03203203    0.02515605
   22.08208208    0.02517605
   22.13213213    0.02517701
   22.18218218    0.02515682
   22.23223223    0.02511524
   22.28228228    0.02505392
   22.33233233    0.02497627
   22.38238238    0.02488706
   22.43243243    0.02479198
   22.48248248    0.02469709
   22.53253253    0.02460823
   22.58258258    0.02453050
   22.63263263    0.02446784
   22.68268268    0.02442271
   22.73273273    0.02439582
   22.78278278    0.02438615
   22.83283283    0.02439093
   22.88288288    0.02440585
   22.93293293    0.02442530
   22.98298298    0.02444278
   23.03303303    0.02445123
   23.08308308    0.02444357
   23.13313313    0.02441311
   23.18318318    0.02435409
   23.23323323    0.02426210
   23.28328328    0.02413445
   23.33333333    0.02397043
   23.38338338    0.02377142
   23.43343343    0.02354081
   23.48348348    0.02328371
   23.53353353    0.02300654
   23.58358358    0.02271648
   23.63363363    0.02242091
   23.68368368    0.02212684
   23.73373373    0.02184041
   23.78378378    0.02156654
   23.83383383    0.02130869
   23.88388388    0.02106874
   23.93393393    0.02084705
   23.98398398    0.02064258
   24.03403403    0.02045315
   24.08408408    0.02027578
   24.13413413    0.02010707
   24.18418418    0.01994358
   24.23423423    0.01978219
   24.28428428    0.01962036
   24.33433433    0.01945632
   24.38438438    0.01928910
   24.43443443    0.01911842
   24.48448448    0.01894460
   24.53453453    0.01876828
   24.58458458    0.01859027
   24.63463463    0.01841136
   24.68468468    0.01823224
   24.73473473    0.01805350
   24.78478478    0.01787561
   24.83483483    0.01769904
   24.88488488    0.01752432
   24.93493493    0.01735208
   24.98498498    0.01718309
   25.03503504    0.01701823
   25.08508509    0.01685845
   25.13513514    0.01670466
   25.18518519    0.01655761
   25.23523524    0.01641780
   25.28528529    0.01628533
   25.33533534    0.01615986
   25.38538539    0.01604052
   25.43543544    0.01592600
   25.48548549    0.01581460
   25.53553554    0.01570435
   25.58558559    0.01559318
   25.63563564    0.01547911
   25.68568569    0.01536038
   25.73573574    0.01523558
   25.78578579    0.01510367
   25.83583584    0.01496404
   25.88588589    0.01481641
   25.93593594    0.01466085
   25.98598599    0.01449770
   26.03603604    0.01432764
   26.08608609    0.01415164
   26.13613614    0.01397105
   26.18618619    0.01378758
   26.23623624    0.01360334
   26.28628629    0.01342074
   26.33633634    0.01324243
   26.38638639    0.01307119
   26.43643644    0.01290981
   26.48648649    0.01276094
   26.53653654    0.01262697
   26.58658659    0.01250999
   26.63663664    0.01241163
   26.68668669    0.01233308
   26.73673674    0.01227496
   26.78678679    0.01223735
   26.83683684    0.01221977
   26.88688689    0.01222115
   26.93693694    0.01223993
   26.98698699    0.01227408
   27.03703704    0.01232124
   27.08708709    0.01237878
   27.13713714    0.01244394
   27.18718719    0.01251391
   27.23723724    0.01258590
   27.28728729    0.01265711
   27.33733734    0.01272478
   27.38738739    0.01278617
   27.43743744    0.01283858
   27.48748749    0.01287949
   27.53753754    0.01290666
   27.58758759    0.01291844
   27.63763764    0.01291393
   27.68768769    0.01289326
   27.73773774    0.01285764
   27.78778779    0.01280936
   27.83783784    0.01275167
   27.88788789    0.01268848
   27.93793794    0.01262409
   27.98798799    0.01256279
   28.03803804    0.01250861
   28.08808809    0.01246504
   28.13813814    0.01243488
   28.18818819    0.01242014
   28.23823824    0.01242202
   28.28828829    0.01244091
   28.33833834    0.01247649
   28.38838839    0.01252783
   28.43843844    0.01259353
   28.48848849    0.01267190
   28.53853854    0.01276110
   28.58858859    0.01285939
   28.63863864    0.01296520
   28.68868869    0.01307733
   28.73873874    0.01319495
   28.78878879    0.01331765
   28.83883884    0.01344537
   28.88888889    0.01357829
   28.93893894    0.01371672
   28.98898899    0.01386092
   29.03903904    0.01401092
   29.08908909    0.01416638
   29.13913914    0.01432643
   29.18918919    0.01448956
   29.23923924    0.01465361
   29.28928929    0.01481574
   29.33933934    0.01497260
   29.38938939    0.01512045
   29.43943944    0.01525551
   29.48948949    0.01537418
   29.53953954    0.01547334
   29.58958959    0.01555069
   29.63963964    0.01560488
   29.68968969    0.01563568
   29.73973974    0.01564396
   29.78978979    0.01563161
   29.83983984    0.01560142
   29.88988989    0.01555679
   29.93993994    0.01550158
   29.98998999    0.01543982
   30.04004004    0.01537558
   30.09009009    0.01531278
   30.14014014    0.01525508
   30.19019019    0.01520579
   30.24024024    0.01516777
   30.29029029    0.01514337
   30.34034034    0.01513438
   30.39039039    0.01514195
   30.44044044    0.01516654
   30.49049049    0.01520797
   30.54054054    0.01526532
   30.59059059    0.01533704
   30.64064064    0.01542096
   30.69069069    0.01551441
   30.74074074    0.01561432
   30.79079079    0.01571739
   30.84084084    0.01582028
   30.89089089    0.01591988
   30.94094094    0.01601351
   30.99099099    0.01609915
   31.04104104    0.01617561
   31.09109109    0.01624269
   31.14114114    0.01630114
   31.19119119    0.01635258
   31.24124124    0.01639935
   31.29129129    0.01644427
   31.34134134    0.01649035
   31.39139139    0.01654051
   31.44144144    0.01659736
   31.49149149    0.01666302
   31.54154154    0.01673895
   31.59159159    0.01682596
   31.64164164    0.01692412
   31.69169169    0.01703285
   31.74174174    0.01715093
   31.79179179    0.01727657
   31.84184184    0.01740762
   31.89189189    0.01754164
   31.94194194    0.01767614
   31.99199199    0.01780880
   32.04204204    0.01793778
   32.09209209    0.01806190
   32.14214214    0.01818090
   32.19219219    0.01829561
   32.24224224    0.01840795
   32.29229229    0.01852091
   32.34234234    0.01863831
   32.39239239    0.01876457
   32.44244244    0.01890430
   32.49249249    0.01906197
   32.54254254    0.01924160
   32.59259259    0.01944640
   32.64264264    0.01967864
   32.69269269    0.01993942
   32.74274274    0.02022860
   32.79279279    0.02054472
   32.84284284    0.02088502
   32.89289289    0.02124547
   32.94294294    0.02162089
   32.99299299    0.02200514
   33.04304304    0.02239139
   33.09309309    0.02277248
   33.14314314    0.02314132
   33.19319319    0.02349123
   33.24324324    0.02381629
   33.29329329    0.02411159
   33.34334334    0.02437331
   33.39339339    0.02459878
   33.44344344    0.02478641
   33.49349349    0.02493565
   33.54354354    0.02504694
   33.59359359    0.02512168
   33.64364364    0.02516229
   33.69369369    0.02517227
   33.74374374    0.02515623
   33.79379379    0.02511986
   33.84384384    0.02506987
   33.89389389    0.02501372
   33.94394394    0.02495940
   33.99399399    0.02491503
   34.04404404    0.02488851
   34.09409409    0.02488712
   34.14414414    0.02491722
   34.19419419    0.02498395
   34.24424424    0.02509105
   34.29429429    0.02524068
   34.34434434    0.02543334
   34.39439439    0.02566784
   34.44444444    0.02594126
   34.49449449    0.02624905
   34.54454454    0.02658513
   34.59459459    0.02694208
   34.64464464    0.02731147
   34.69469469    0.02768423
   34.74474474    0.02805119
   34.79479479    0.02840364
   34.84484484    0.02873393
   34.89489489    0.02903597
   34.94494494    0.02930556
   34.99499499    0.02954058
   35.04504505    0.02974077
   35.09509510    0.02990740
   35.14514515    0.03004272
   35.19519520    0.03014933
   35.24524525    0.03022965
   35.29529530    0.03028548
   35.34534535    0.03031781
   35.39539540    0.03032675
   35.44544545    0.03031173
   35.49549550    0.03027170
   35.54554555    0.03020547
   35.59559560    0.03011188
   35.64564565    0.02999005
   35.69569570    0.02983942
   35.74574575    0.02965977
   35.79579580    0.02945117
   35.84584585    0.02921392
   35.89589590    0.02894855
   35.94594595    0.02865572
   35.99599600    0.02833636
   36.04604605    0.02799160
   36.09609610    0.02762290
   36.14614615    0.02723200
   36.19619620    0.02682092
   36.24624625    0.02639193
   36.29629630    0.02594750
   36.34634635    0.02549021
   36.39639640    0.02502277
   36.44644645    0.02454799
   36.49649650    0.02406876
   36.54654655    0.02358804
   36.59659660    0.02310885
   36.64664665    0.02263417
   36.69669670    0.02216689
   36.74674675    0.02170971
   36.79679680    0.02126502
   36.84684685    0.02083485
   36.89689690    0.02042081
   36.94694695    0.02002407
   36.99699700    0.01964538
   37.04704705    0.01928515
   37.09709710    0.01894346
   37.14714715    0.01862019
   37.19719720    0.01831502
   37.24724725    0.01802758
   37.29729730    0.01775743
   37.34734735    0.01750411
   37.39739740    0.01726716
   37.44744745    0.01704609
   37.49749750    0.01684038
   37.54754755    0.01664943
   37.59759760    0.01647258
   37.64764765    0.01630903
   37.69769770    0.01615789
   37.74774775    0.01601821
   37.79779780    0.01588895
   37.84784785    0.01576912
   37.89789790    0.01565780
   37.94794795    0.01555421
   37.99799800    0.01545773
   38.04804805    0.01536795
   38.09809810    0.01528461
   38.14814815    0.01520755
   38.19819820    0.01513667
   38.24824825    0.01507186
   38.29829830    0.01501291
   38.34834835    0.01495947
   38.39839840    0.01491106
   38.44844845    0.01486706
   38.49849850    0.01482675
   38.54854855    0.01478936
   38.59859860    0.01475407
   38.64864865    0.01472014
   38.69869870    0.01468690
   38.74874875    0.01465377
   38.79879880    0.01462033
   38.84884885    0.01458633
   38.89889890    0.01455167
   38.94894895    0.01451649
   38.99899900    0.01448114
   39.04904905    0.01444621
   39.09909910    0.01441253
   39.14914915    0.01438112
   39.19919920    0.01435318
   39.24924925    0.01433000
   39.29929930    0.01431288
   39.34934935    0.01430307
   39.39939940    0.01430167
   39.44944945    0.01430956
   39.49949950    0.01432735
   39.54954955    0.01435534
   39.59959960    0.01439351
   39.64964965    0.01444144
   39.69969970    0.01449840
   39.74974975    0.01456330
   39.79979980    0.01463474
   39.84984985    0.01471105
   39.89989990    0.01479039
   39.94994995    0.01487082
   40.00000000    0.01495046
