# Final state angular momentum:   1
# Broadening parameter (in eV):    0.800
# Absorbing atom type (xiabs):   2
# Energy (eV)   sigma
  -10.00000000    0.00149892
   -9.94994995    0.00150545
   -9.89989990    0.00151204
   -9.84984985    0.00151867
   -9.79979980    0.00152534
   -9.74974975    0.00153207
   -9.69969970    0.00153884
   -9.64964965    0.00154567
   -9.59959960    0.00155254
   -9.54954955    0.00155947
   -9.49949950    0.00156644
   -9.44944945    0.00157347
   -9.39939940    0.00158054
   -9.34934935    0.00158767
   -9.29929930    0.00159486
   -9.24924925    0.00160209
   -9.19919920    0.00160938
   -9.14914915    0.00161673
   -9.09909910    0.00162413
   -9.04904905    0.00163158
   -8.99899900    0.00163909
   -8.94894895    0.00164666
   -8.89889890    0.00165429
   -8.84884885    0.00166197
   -8.79879880    0.00166972
   -8.74874875    0.00167752
   -8.69869870    0.00168538
   -8.64864865    0.00169330
   -8.59859860    0.00170129
   -8.54854855    0.00170933
   -8.49849850    0.00171744
   -8.44844845    0.00172561
   -8.39839840    0.00173385
   -8.34834835    0.00174215
   -8.29829830    0.00175052
   -8.24824825    0.00175895
   -8.19819820    0.00176745
   -8.14814815    0.00177602
   -8.09809810    0.00178465
   -8.04804805    0.00179336
   -7.99799800    0.00180213
   -7.94794795    0.00181098
   -7.89789790    0.00181990
   -7.84784785    0.00182889
   -7.79779780    0.00183795
   -7.74774775    0.00184709
   -7.69769770    0.00185630
   -7.64764765    0.00186559
   -7.59759760    0.00187495
   -7.54754755    0.00188440
   -7.49749750    0.00189392
   -7.44744745    0.00190352
   -7.39739740    0.00191320
   -7.34734735    0.00192296
   -7.29729730    0.00193281
   -7.24724725    0.00194273
   -7.19719720    0.00195275
   -7.14714715    0.00196284
   -7.09709710    0.00197303
   -7.04704705    0.00198330
   -6.99699700    0.00199366
   -6.94694695    0.00200411
   -6.89689690    0.00201465
   -6.84684685    0.00202528
   -6.79679680    0.00203600
   -6.74674675    0.00204682
   -6.69669670    0.00205774
   -6.64664665    0.00206875
   -6.59659660    0.00207985
   -6.54654655    0.00209106
   -6.49649650    0.00210237
   -6.44644645    0.00211378
   -6.39639640    0.00212529
   -6.34634635    0.00213690
   -6.29629630    0.00214862
   -6.24624625    0.00216045
   -6.19619620    0.00217238
   -6.14614615    0.00218442
   -6.09609610    0.00219658
   -6.04604605    0.00220884
   -5.99599600    0.00222122
   -5.94594595    0.00223372
   -5.89589590    0.00224633
   -5.84584585    0.00225906
   -5.79579580    0.00227191
   -5.74574575    0.00228488
   -5.69569570    0.00229798
   -5.64564565    0.00231120
   -5.59559560    0.00232454
   -5.54554555    0.00233801
   -5.49549550    0.00235162
   -5.44544545    0.00236535
   -5.39539540    0.00237922
   -5.34534535    0.00239323
   -5.29529530    0.00240737
   -5.24524525    0.00242165
   -5.19519520    0.00243607
   -5.14514515    0.00245063
   -5.09509510    0.00246534
   -5.04504505    0.00248020
   -4.99499499    0.00249521
   -4.94494494    0.00251036
   -4.89489489    0.00252567
   -4.84484484    0.00254114
   -4.79479479    0.00255677
   -4.74474474    0.00257255
   -4.69469469    0.00258850
   -4.64464464    0.00260461
   -4.59459459    0.00262089
   -4.54454454    0.00263734
   -4.49449449    0.00265396
   -4.44444444    0.00267076
   -4.39439439    0.00268774
   -4.34434434    0.00270490
   -4.29429429    0.00272223
   -4.24424424    0.00273976
   -4.19419419    0.00275748
   -4.14414414    0.00277538
   -4.09409409    0.00279348
   -4.04404404    0.00281178
   -3.99399399    0.00283028
   -3.94394394    0.00284899
   -3.89389389    0.00286790
   -3.84384384    0.00288702
   -3.79379379    0.00290636
   -3.74374374    0.00292592
   -3.69369369    0.00294569
   -3.64364364    0.00296569
   -3.59359359    0.00298592
   -3.54354354    0.00300638
   -3.49349349    0.00302708
   -3.44344344    0.00304802
   -3.39339339    0.00306920
   -3.34334334    0.00309063
   -3.29329329    0.00311231
   -3.24324324    0.00313425
   -3.19319319    0.00315646
   -3.14314314    0.00317892
   -3.09309309    0.00320166
   -3.04304304    0.00322467
   -2.99299299    0.00324797
   -2.94294294    0.00327155
   -2.89289289    0.00329542
   -2.84284284    0.00331958
   -2.79279279    0.00334405
   -2.74274274    0.00336882
   -2.69269269    0.00339390
   -2.64264264    0.00341931
   -2.59259259    0.00344503
   -2.54254254    0.00347109
   -2.49249249    0.00349749
   -2.44244244    0.00352422
   -2.39239239    0.00355131
   -2.34234234    0.00357875
   -2.29229229    0.00360656
   -2.24224224    0.00363474
   -2.19219219    0.00366330
   -2.14214214    0.00369224
   -2.09209209    0.00372158
   -2.04204204    0.00375132
   -1.99199199    0.00378147
   -1.94194194    0.00381204
   -1.89189189    0.00384304
   -1.84184184    0.00387448
   -1.79179179    0.00390636
   -1.74174174    0.00393871
   -1.69169169    0.00397151
   -1.64164164    0.00400480
   -1.59159159    0.00403858
   -1.54154154    0.00407286
   -1.49149149    0.00410765
   -1.44144144    0.00414296
   -1.39139139    0.00417881
   -1.34134134    0.00421521
   -1.29129129    0.00425218
   -1.24124124    0.00428972
   -1.19119119    0.00432785
   -1.14114114    0.00436660
   -1.09109109    0.00440597
   -1.04104104    0.00444598
   -0.99099099    0.00448665
   -0.94094094    0.00452799
   -0.89089089    0.00457003
   -0.84084084    0.00461279
   -0.79079079    0.00465629
   -0.74074074    0.00470054
   -0.69069069    0.00474558
   -0.64064064    0.00479143
   -0.59059059    0.00483811
   -0.54054054    0.00488565
   -0.49049049    0.00493408
   -0.44044044    0.00498343
   -0.39039039    0.00503373
   -0.34034034    0.00508502
   -0.29029029    0.00513734
   -0.24024024    0.00519072
   -0.19019019    0.00524520
   -0.14014014    0.00530083
   -0.09009009    0.00535754
   -0.04004004    0.00541519
    0.01001001    0.00547442
    0.06006006    0.00553536
    0.11011011    0.00559796
    0.16016016    0.00566157
    0.21021021    0.00572673
    0.26026026    0.00579351
    0.31031031    0.00586198
    0.36036036    0.00593224
    0.41041041    0.00600435
    0.46046046    0.00607842
    0.51051051    0.00615453
    0.56056056    0.00623280
    0.61061061    0.00631332
    0.66066066    0.00639618
    0.71071071    0.00648150
    0.76076076    0.00656937
    0.81081081    0.00665987
    0.86086086    0.00675308
    0.91091091    0.00684907
    0.96096096    0.00694785
    1.01101101    0.00704942
    1.06106106    0.00715374
    1.11111111    0.00726070
    1.16116116    0.00737015
    1.21121121    0.00748188
    1.26126126    0.00759560
    1.31131131    0.00771100
    1.36136136    0.00782772
    1.41141141    0.00794540
    1.46146146    0.00806372
    1.51151151    0.00818244
    1.56156156    0.00830140
    1.61161161    0.00842062
    1.66166166    0.00854024
    1.71171171    0.00866060
    1.76176176    0.00878216
    1.81181181    0.00890549
    1.86186186    0.00903123
    1.91191191    0.00916003
    1.96196196    0.00929247
    2.01201201    0.00942909
    2.06206206    0.00957028
    2.11211211    0.00971625
    2.16216216    0.00986704
    2.21221221    0.01002250
    2.26226226    0.01018225
    2.31231231    0.01034569
    2.36236236    0.01051206
    2.41241241    0.01068040
    2.46246246    0.01084964
    2.51251251    0.01101867
    2.56256256    0.01118636
    2.61261261    0.01135166
    2.66266266    0.01151364
    2.71271271    0.01167158
    2.76276276    0.01182496
    2.81281281    0.01197350
    2.86286286    0.01211717
    2.91291291    0.01225620
    2.96296296    0.01239108
    3.01301301    0.01252254
    3.06306306    0.01265154
    3.11311311    0.01277921
    3.16316316    0.01290684
    3.21321321    0.01303577
    3.26326326    0.01316737
    3.31331331    0.01330293
    3.36336336    0.01344367
    3.41341341    0.01359067
    3.46346346    0.01374485
    3.51351351    0.01390700
    3.56356356    0.01407775
    3.61361361    0.01425762
    3.66366366    0.01444701
    3.71371371    0.01464627
    3.76376376    0.01485568
    3.81381381    0.01507548
    3.86386386    0.01530592
    3.91391391    0.01554722
    3.96396396    0.01579960
    4.01401401    0.01606331
    4.06406406    0.01633860
    4.11411411    0.01662571
    4.16416416    0.01692491
    4.21421421    0.01723649
    4.26426426    0.01756075
    4.31431431    0.01789801
    4.36436436    0.01824864
    4.41441441    0.01861306
    4.46446446    0.01899176
    4.51451451    0.01938529
    4.56456456    0.01979431
    4.61461461    0.02021955
    4.66466466    0.02066186
    4.71471471    0.02112217
    4.76476476    0.02160149
    4.81481481    0.02210093
    4.86486486    0.02262167
    4.91491491    0.02316495
    4.96496496    0.02373210
    5.01501502    0.02432453
    5.06506507    0.02494372
    5.11511512    0.02559126
    5.16516517    0.02626882
    5.21521522    0.02697822
    5.26526527    0.02772139
    5.31531532    0.02850044
    5.36536537    0.02931762
    5.41541542    0.03017539
    5.46546547    0.03107644
    5.51551552    0.03202365
    5.56556557    0.03302015
    5.61561562    0.03406932
    5.66566567    0.03517481
    5.71571572    0.03634049
    5.76576577    0.03757050
    5.81581582    0.03886923
    5.86586587    0.04024127
    5.91591592    0.04169140
    5.96596597    0.04322453
    6.01601602    0.04484567
    6.06606607    0.04655975
    6.11611612    0.04837156
    6.16616617    0.05028558
    6.21621622    0.05230571
    6.26626627    0.05443508
    6.31631632    0.05667575
    6.36636637    0.05902837
    6.41641642    0.06149190
    6.46646647    0.06406331
    6.51651652    0.06673744
    6.56656657    0.06950700
    6.61661662    0.07236282
    6.66666667    0.07529449
    6.71671672    0.07829136
    6.76676677    0.08134395
    6.81681682    0.08444558
    6.86686687    0.08759414
    6.91691692    0.09079364
    6.96696697    0.09405521
    7.01701702    0.09739750
    7.06706707    0.10084617
    7.11711712    0.10443265
    7.16716717    0.10819231
    7.21721722    0.11216231
    7.26726727    0.11637944
    7.31731732    0.12087798
    7.36736737    0.12568790
    7.41741742    0.13083319
    7.46746747    0.13633048
    7.51751752    0.14218781
    7.56756757    0.14840342
    7.61761762    0.15496486
    7.66766767    0.16184814
    7.71771772    0.16901743
    7.76776777    0.17642521
    7.81781782    0.18401325
    7.86786787    0.19171461
    7.91791792    0.19945653
    7.96796797    0.20716440
    8.01801802    0.21476621
    8.06806807    0.22219740
    8.11811812    0.22940520
    8.16816817    0.23635228
    8.21821822    0.24301896
    8.26826827    0.24940384
    8.31831832    0.25552278
    8.36836837    0.26140632
    8.41841842    0.26709607
    8.46846847    0.27264036
    8.51851852    0.27808970
    8.56856857    0.28349236
    8.61861862    0.28889016
    8.66866867    0.29431465
    8.71871872    0.29978373
    8.76876877    0.30529889
    8.81881882    0.31084312
    8.86886887    0.31637977
    8.91891892    0.32185233
    8.96896897    0.32718526
    9.01901902    0.33228597
    9.06906907    0.33704815
    9.11911912    0.34135647
    9.16916917    0.34509279
    9.21921922    0.34814362
    9.26926927    0.35040820
    9.31931932    0.35180626
    9.36936937    0.35228435
    9.41941942    0.35181968
    9.46946947    0.35042080
    9.51951952    0.34812503
    9.56956957    0.34499327
    9.61961962    0.34110301
    9.66966967    0.33654067
    9.71971972    0.33139430
    9.76976977    0.32574726
    9.81981982    0.31967340
    9.86986987    0.31323397
    9.91991992    0.30647650
    9.96996997    0.29943566
   10.02002002    0.29213591
   10.07007007    0.28459565
   10.12012012    0.27683198
   10.17017017    0.26886522
   10.22022022    0.26072222
   10.27027027    0.25243779
   10.32032032    0.24405418
   10.37037037    0.23561876
   10.42042042    0.22718101
   10.47047047    0.21878935
   10.52052052    0.21048879
   10.57057057    0.20231978
   10.62062062    0.19431807
   10.67067067    0.18651541
   10.72072072    0.17894039
   10.77077077    0.17161911
   10.82082082    0.16457523
   10.87087087    0.15782955
   10.92092092    0.15139906
   10.97097097    0.14529592
   11.02102102    0.13952649
   11.07107107    0.13409066
   11.12112112    0.12898158
   11.17117117    0.12418585
   11.22122122    0.11968416
   11.27127127    0.11545234
   11.32132132    0.11146276
   11.37137137    0.10768610
   11.42142142    0.10409320
   11.47147147    0.10065705
   11.52152152    0.09735444
   11.57157157    0.09416726
   11.62162162    0.09108318
   11.67167167    0.08809565
   11.72172172    0.08520325
   11.77177177    0.08240863
   11.82182182    0.07971716
   11.87187187    0.07713560
   11.92192192    0.07467094
   11.97197197    0.07232954
   12.02202202    0.07011655
   12.07207207    0.06803562
   12.12212212    0.06608893
   12.17217217    0.06427725
   12.22222222    0.06260020
   12.27227227    0.06105650
   12.32232232    0.05964424
   12.37237237    0.05836116
   12.42242242    0.05720482
   12.47247247    0.05617281
   12.52252252    0.05526290
   12.57257257    0.05447312
   12.62262262    0.05380186
   12.67267267    0.05324793
   12.72272272    0.05281051
   12.77277277    0.05248923
   12.82282282    0.05228405
   12.87287287    0.05219524
   12.92292292    0.05222325
   12.97297297    0.05236854
   13.02302302    0.05263142
   13.07307307    0.05301174
   13.12312312    0.05350854
   13.17317317    0.05411966
   13.22322322    0.05484124
   13.27327327    0.05566712
   13.32332332    0.05658825
   13.37337337    0.05759205
   13.42342342    0.05866186
   13.47347347    0.05977654
   13.52352352    0.06091033
   13.57357357    0.06203311
   13.62362362    0.06311121
   13.67367367    0.06410865
   13.72372372    0.06498898
   13.77377377    0.06571748
   13.82382382    0.06626351
   13.87387387    0.06660273
   13.92392392    0.06671894
   13.97397397    0.06660532
   14.02402402    0.06626489
   14.07407407    0.06571023
   14.12412412    0.06496249
   14.17417417    0.06404969
   14.22422422    0.06300482
   14.27427427    0.06186354
   14.32432432    0.06066210
   14.37437437    0.05943539
   14.42442442    0.05821536
   14.47447447    0.05703001
   14.52452452    0.05590264
   14.57457457    0.05485165
   14.62462462    0.05389056
   14.67467467    0.05302826
   14.72472472    0.05226942
   14.77477477    0.05161494
   14.82482482    0.05106245
   14.87487487    0.05060692
   14.92492492    0.05024123
   14.97497497    0.04995686
   15.02502503    0.04974463
   15.07507508    0.04959541
   15.12512513    0.04950086
   15.17517518    0.04945399
   15.22522523    0.04944948
   15.27527528    0.04948376
   15.32532533    0.04955476
   15.37537538    0.04966142
   15.42542543    0.04980311
   15.47547548    0.04997901
   15.52552553    0.05018768
   15.57557558    0.05042682
   15.62562563    0.05069335
   15.67567568    0.05098364
   15.72572573    0.05129401
   15.77577578    0.05162108
   15.82582583    0.05196209
   15.87587588    0.05231501
   15.92592593    0.05267833
   15.97597598    0.05305066
   16.02602603    0.05343030
   16.07607608    0.05381471
   16.12612613    0.05420029
   16.17617618    0.05458231
   16.22622623    0.05495521
   16.27627628    0.05531305
   16.32632633    0.05565022
   16.37637638    0.05596204
   16.42642643    0.05624539
   16.47647648    0.05649899
   16.52652653    0.05672361
   16.57657658    0.05692183
   16.62662663    0.05709780
   16.67667668    0.05725671
   16.72672673    0.05740431
   16.77677678    0.05754649
   16.82682683    0.05768900
   16.87687688    0.05783737
   16.92692693    0.05799696
   16.97697698    0.05817323
   17.02702703    0.05837199
   17.07707708    0.05859963
   17.12712713    0.05886328
   17.17717718    0.05917076
   17.22722723    0.05953039
   17.27727728    0.05995053
   17.32732733    0.06043906
   17.37737738    0.06100266
   17.42742743    0.06164615
   17.47747748    0.06237175
   17.52752753    0.06317860
   17.57757758    0.06406237
   17.62762763    0.06501510
   17.67767768    0.06602529
   17.72772773    0.06707822
   17.77777778    0.06815641
   17.82782783    0.06924036
   17.87787788    0.07030938
   17.92792793    0.07134256
   17.97797798    0.07231981
   18.02802803    0.07322288
   18.07807808    0.07403631
   18.12812813    0.07474814
   18.17817818    0.07535047
   18.22822823    0.07583988
   18.27827828    0.07621764
   18.32832833    0.07649004
   18.37837838    0.07666846
   18.42842843    0.07676939
   18.47847848    0.07681415
   18.52852853    0.07682825
   18.57857858    0.07684028
   18.62862863    0.07688064
   18.67867868    0.07698003
   18.72872873    0.07716794
   18.77877878    0.07747132
   18.82882883    0.07791345
   18.87887888    0.07851307
   18.92892893    0.07928380
   18.97897898    0.08023368
   19.02902903    0.08136508
   19.07907908    0.08267473
   19.12912913    0.08415404
   19.17917918    0.08578971
   19.22922923    0.08756467
   19.27927928    0.08945930
   19.32932933    0.09145280
   19.37937938    0.09352467
   19.42942943    0.09565580
   19.47947948    0.09782915
   19.52952953    0.10002964
   19.57957958    0.10224330
   19.62962963    0.10445570
   19.67967968    0.10664996
   19.72972973    0.10880476
   19.77977978    0.11089276
   19.82982983    0.11287984
   19.87987988    0.11472541
   19.92992993    0.11638415
   19.97997998    0.11780894
   20.03003003    0.11895504
   20.08008008    0.11978481
   20.13013013    0.12027253
   20.18018018    0.12040829
   20.23023023    0.12020046
   20.28028028    0.11967599
   20.33033033    0.11887846
   20.38038038    0.11786430
   20.43043043    0.11669757
   20.48048048    0.11544428
   20.53053053    0.11416694
   20.58058058    0.11291986
   20.63063063    0.11174580
   20.68068068    0.11067377
   20.73073073    0.10971827
   20.78078078    0.10887959
   20.83083083    0.10814527
   20.88088088    0.10749225
   20.93093093    0.10688983
   20.98098098    0.10630287
   21.03103103    0.10569515
   21.08108108    0.10503245
   21.13113113    0.10428497
   21.18118118    0.10342913
   21.23123123    0.10244832
   21.28128128    0.10133308
   21.33133133    0.10008054
   21.38138138    0.09869354
   21.43143143    0.09717950
   21.48148148    0.09554925
   21.53153153    0.09381584
   21.58158158    0.09199353
   21.63163163    0.09009709
   21.68168168    0.08814133
   21.73173173    0.08614105
   21.78178178    0.08411121
   21.83183183    0.08206721
   21.88188188    0.08002524
   21.93193193    0.07800232
   21.98198198    0.07601626
   22.03203203    0.07408530
   22.08208208    0.07222758
   22.13213213    0.07046054
   22.18218218    0.06880026
   22.23223223    0.06726095
   22.28228228    0.06585458
   22.33233233    0.06459057
   22.38238238    0.06347582
   22.43243243    0.06251463
   22.48248248    0.06170894
   22.53253253    0.06105840
   22.58258258    0.06056057
   22.63263263    0.06021113
   22.68268268    0.06000400
   22.73273273    0.05993154
   22.78278278    0.05998482
   22.83283283    0.06015387
   22.88288288    0.06042804
   22.93293293    0.06079639
   22.98298298    0.06124818
   23.03303303    0.06177313
   23.08308308    0.06236179
   23.13313313    0.06300555
   23.18318318    0.06369653
   23.23323323    0.06442735
   23.28328328    0.06519070
   23.33333333    0.06597902
   23.38338338    0.06678416
   23.43343343    0.06759738
   23.48348348    0.06840939
   23.53353353    0.06921080
   23.58358358    0.06999269
   23.63363363    0.07074747
   23.68368368    0.07146982
   23.73373373    0.07215774
   23.78378378    0.07281345
   23.83383383    0.07344400
   23.88388388    0.07406137
   23.93393393    0.07468201
   23.98398398    0.07532586
   24.03403403    0.07601488
   24.08408408    0.07677135
   24.13413413    0.07761623
   24.18418418    0.07856768
   24.23423423    0.07963997
   24.28428428    0.08084271
   24.33433433    0.08218063
   24.38438438    0.08365356
   24.43443443    0.08525669
   24.48448448    0.08698094
   24.53453453    0.08881325
   24.58458458    0.09073670
   24.63463463    0.09273041
   24.68468468    0.09476931
   24.73473473    0.09682397
   24.78478478    0.09886059
   24.83483483    0.10084166
   24.88488488    0.10272732
   24.93493493    0.10447750
   24.98498498    0.10605482
   25.03503504    0.10742772
   25.08508509    0.10857352
   25.13513514    0.10948081
   25.18518519    0.11015085
   25.23523524    0.11059777
   25.28528529    0.11084757
   25.33533534    0.11093610
   25.38538539    0.11090637
   25.43543544    0.11080541
   25.48548549    0.11068112
   25.53553554    0.11057918
   25.58558559    0.11054022
   25.63563564    0.11059732
   25.68568569    0.11077395
   25.73573574    0.11108221
   25.78578579    0.11152155
   25.83583584    0.11207806
   25.88588589    0.11272438
   25.93593594    0.11342052
   25.98598599    0.11411572
   26.03603604    0.11475148
   26.08608609    0.11526568
   26.13613614    0.11559773
   26.18618619    0.11569398
   26.23623624    0.11551283
   26.28628629    0.11502887
   26.33633634    0.11423507
   26.38638639    0.11314306
   26.43643644    0.11178122
   26.48648649    0.11019125
   26.53653654    0.10842372
   26.58658659    0.10653353
   26.63663664    0.10457565
   26.68668669    0.10260179
   26.73673674    0.10065793
   26.78678679    0.09878278
   26.83683684    0.09700695
   26.88688689    0.09535267
   26.93693694    0.09383383
   26.98698699    0.09245637
   27.03703704    0.09121886
   27.08708709    0.09011341
   27.13713714    0.08912696
   27.18718719    0.08824284
   27.23723724    0.08744277
   27.28728729    0.08670884
   27.33733734    0.08602551
   27.38738739    0.08538112
   27.43743744    0.08476871
   27.48748749    0.08418607
   27.53753754    0.08363478
   27.58758759    0.08311873
   27.63763764    0.08264209
   27.68768769    0.08220732
   27.73773774    0.08181345
   27.78778779    0.08145498
   27.83783784    0.08112151
   27.88788789    0.08079814
   27.93793794    0.08046666
   27.98798799    0.08010729
   28.03803804    0.07970069
   28.08808809    0.07923010
   28.13813814    0.07868313
   28.18818819    0.07805326
   28.23823824    0.07734059
   28.28828829    0.07655205
   28.33833834    0.07570097
   28.38838839    0.07480617
   28.43843844    0.07389062
   28.48848849    0.07297995
   28.53853854    0.07210090
   28.58858859    0.07127992
   28.63863864    0.07054201
   28.68868869    0.06990987
   28.73873874    0.06940341
   28.78878879    0.06903948
   28.83883884    0.06883188
   28.88888889    0.06879147
   28.93893894    0.06892640
   28.98898899    0.06924224
   29.03903904    0.06974222
   29.08908909    0.07042726
   29.13913914    0.07129597
   29.18918919    0.07234462
   29.23923924    0.07356693
   29.28928929    0.07495388
   29.33933934    0.07649358
   29.38938939    0.07817110
   29.43943944    0.07996856
   29.48948949    0.08186534
   29.53953954    0.08383862
   29.58958959    0.08586423
   29.63963964    0.08791770
   29.68968969    0.08997553
   29.73973974    0.09201642
   29.78978979    0.09402244
   29.83983984    0.09597979
   29.88988989    0.09787912
   29.93993994    0.09971530
   29.98998999    0.10148657
   30.04004004    0.10319337
   30.09009009    0.10483681
   30.14014014    0.10641730
   30.19019019    0.10793355
   30.24024024    0.10938213
   30.29029029    0.11075785
   30.34034034    0.11205479
   30.39039039    0.11326770
   30.44044044    0.11439355
   30.49049049    0.11543259
   30.54054054    0.11638875
   30.59059059    0.11726921
   30.64064064    0.11808312
   30.69069069    0.11883973
   30.74074074    0.11954628
   30.79079079    0.12020599
   30.84084084    0.12081655
   30.89089089    0.12136922
   30.94094094    0.12184873
   30.99099099    0.12223413
   31.04104104    0.12250029
   31.09109109    0.12262012
   31.14114114    0.12256720
   31.19119119    0.12231838
   31.24124124    0.12185611
   31.29129129    0.12117019
   31.34134134    0.12025858
   31.39139139    0.11912743
   31.44144144    0.11779021
   31.49149149    0.11626648
   31.54154154    0.11458021
   31.59159159    0.11275837
   31.64164164    0.11082960
   31.69169169    0.10882336
   31.74174174    0.10676942
   31.79179179    0.10469756
   31.84184184    0.10263740
   31.89189189    0.10061811
   31.94194194    0.09866798
   31.99199199    0.09681372
   32.04204204    0.09507966
   32.09209209    0.09348681
   32.14214214    0.09205206
   32.19219219    0.09078745
   32.24224224    0.08969975
   32.29229229    0.08879022
   32.34234234    0.08805471
   32.39239239    0.08748402
   32.44244244    0.08706465
   32.49249249    0.08677978
   32.54254254    0.08661069
   32.59259259    0.08653834
   32.64264264    0.08654505
   32.69269269    0.08661614
   32.74274274    0.08674118
   32.79279279    0.08691461
   32.84284284    0.08713580
   32.89289289    0.08740832
   32.94294294    0.08773876
   32.99299299    0.08813517
   33.04304304    0.08860561
   33.09309309    0.08915684
   33.14314314    0.08979331
   33.19319319    0.09051661
   33.24324324    0.09132511
   33.29329329    0.09221393
   33.34334334    0.09317498
   33.39339339    0.09419718
   33.44344344    0.09526674
   33.49349349    0.09636764
   33.54354354    0.09748229
   33.59359359    0.09859232
   33.64364364    0.09967939
   33.69369369    0.10072604
   33.74374374    0.10171617
   33.79379379    0.10263522
   33.84384384    0.10347005
   33.89389389    0.10420835
   33.94394394    0.10483804
   33.99399399    0.10534668
   34.04404404    0.10572117
   34.09409409    0.10594794
   34.14414414    0.10601357
   34.19419419    0.10590603
   34.24424424    0.10561614
   34.29429429    0.10513929
   34.34434434    0.10447703
   34.39439439    0.10363829
   34.44444444    0.10264005
   34.49449449    0.10150723
   34.54454454    0.10027177
   34.59459459    0.09897108
   34.64464464    0.09764589
   34.69469469    0.09633802
   34.74474474    0.09508805
   34.79479479    0.09393346
   34.84484484    0.09290706
   34.89489489    0.09203598
   34.94494494    0.09134103
   34.99499499    0.09083644
   35.04504505    0.09052970
   35.09509510    0.09042163
   35.14514515    0.09050649
   35.19519520    0.09077207
   35.24524525    0.09119998
   35.29529530    0.09176596
   35.34534535    0.09244056
   35.39539540    0.09319004
   35.44544545    0.09397775
   35.49549550    0.09476585
   35.54554555    0.09551733
   35.59559560    0.09619821
   35.64564565    0.09677955
   35.69569570    0.09723917
   35.74574575    0.09756268
   35.79579580    0.09774382
   35.84584585    0.09778395
   35.89589590    0.09769103
   35.94594595    0.09747795
   35.99599600    0.09716084
   36.04604605    0.09675736
   36.09609610    0.09628525
   36.14614615    0.09576125
   36.19619620    0.09520036
   36.24624625    0.09461546
   36.29629630    0.09401707
   36.34634635    0.09341317
   36.39639640    0.09280913
   36.44644645    0.09220751
   36.49649650    0.09160793
   36.54654655    0.09100701
   36.59659660    0.09039850
   36.64664665    0.08977367
   36.69669670    0.08912204
   36.74674675    0.08843246
   36.79679680    0.08769440
   36.84684685    0.08689935
   36.89689690    0.08604210
   36.94694695    0.08512162
   36.99699700    0.08414143
   37.04704705    0.08310929
   37.09709710    0.08203631
   37.14714715    0.08093557
   37.19719720    0.07982057
   37.24724725    0.07870366
   37.29729730    0.07759481
   37.34734735    0.07650072
   37.39739740    0.07542454
   37.44744745    0.07436598
   37.49749750    0.07332188
   37.54754755    0.07228707
   37.59759760    0.07125536
   37.64764765    0.07022073
   37.69769770    0.06917834
   37.74774775    0.06812557
   37.79779780    0.06706269
   37.84784785    0.06599335
   37.89789790    0.06492458
   37.94794795    0.06386645
   37.99799800    0.06283144
   38.04804805    0.06183349
   38.09809810    0.06088699
   38.14814815    0.06000582
   38.19819820    0.05920239
   38.24824825    0.05848695
   38.29829830    0.05786700
   38.34834835    0.05734688
   38.39839840    0.05692746
   38.44844845    0.05660598
   38.49849850    0.05637586
   38.54854855    0.05622672
   38.59859860    0.05614452
   38.64864865    0.05611181
   38.69869870    0.05610836
   38.74874875    0.05611205
   38.79879880    0.05610005
   38.84884885    0.05605028
   38.89889890    0.05594298
   38.94894895    0.05576211
   38.99899900    0.05549644
   39.04904905    0.05514019
   39.09909910    0.05469296
   39.14914915    0.05415919
   39.19919920    0.05354722
   39.24924925    0.05286808
   39.29929930    0.05213439
   39.34934935    0.05135934
   39.39939940    0.05055606
   39.44944945    0.04973709
   39.49949950    0.04891425
   39.54954955    0.04809858
   39.59959960    0.04730035
   39.64964965    0.04652915
   39.69969970    0.04579389
   39.74974975    0.04510286
   39.79979980    0.04446370
   39.84984985    0.04388335
   39.89989990    0.04336805
   39.94994995    0.04292328
   40.00000000    0.04255385
