# Final state angular momentum:   1
# Broadening parameter (in eV):    0.800
# Absorbing atom type (xiabs):   2
# Energy (eV)   sigma
  -10.00000000    0.00188622
   -9.94994995    0.00189362
   -9.89989990    0.00190106
   -9.84984985    0.00190855
   -9.79979980    0.00191609
   -9.74974975    0.00192369
   -9.69969970    0.00193133
   -9.64964965    0.00193902
   -9.59959960    0.00194677
   -9.54954955    0.00195457
   -9.49949950    0.00196243
   -9.44944945    0.00197034
   -9.39939940    0.00197830
   -9.34934935    0.00198632
   -9.29929930    0.00199439
   -9.24924925    0.00200252
   -9.19919920    0.00201070
   -9.14914915    0.00201894
   -9.09909910    0.00202724
   -9.04904905    0.00203560
   -8.99899900    0.00204402
   -8.94894895    0.00205249
   -8.89889890    0.00206103
   -8.84884885    0.00206963
   -8.79879880    0.00207828
   -8.74874875    0.00208700
   -8.69869870    0.00209579
   -8.64864865    0.00210463
   -8.59859860    0.00211354
   -8.54854855    0.00212252
   -8.49849850    0.00213156
   -8.44844845    0.00214066
   -8.39839840    0.00214983
   -8.34834835    0.00215907
   -8.29829830    0.00216838
   -8.24824825    0.00217775
   -8.19819820    0.00218720
   -8.14814815    0.00219671
   -8.09809810    0.00220630
   -8.04804805    0.00221596
   -7.99799800    0.00222569
   -7.94794795    0.00223549
   -7.89789790    0.00224537
   -7.84784785    0.00225532
   -7.79779780    0.00226535
   -7.74774775    0.00227545
   -7.69769770    0.00228563
   -7.64764765    0.00229589
   -7.59759760    0.00230623
   -7.54754755    0.00231665
   -7.49749750    0.00232715
   -7.44744745    0.00233773
   -7.39739740    0.00234840
   -7.34734735    0.00235914
   -7.29729730    0.00236998
   -7.24724725    0.00238089
   -7.19719720    0.00239190
   -7.14714715    0.00240299
   -7.09709710    0.00241417
   -7.04704705    0.00242544
   -6.99699700    0.00243680
   -6.94694695    0.00244825
   -6.89689690    0.00245980
   -6.84684685    0.00247143
   -6.79679680    0.00248317
   -6.74674675    0.00249500
   -6.69669670    0.00250692
   -6.64664665    0.00251895
   -6.59659660    0.00253107
   -6.54654655    0.00254329
   -6.49649650    0.00255562
   -6.44644645    0.00256805
   -6.39639640    0.00258058
   -6.34634635    0.00259322
   -6.29629630    0.00260597
   -6.24624625    0.00261882
   -6.19619620    0.00263179
   -6.14614615    0.00264486
   -6.09609610    0.00265805
   -6.04604605    0.00267135
   -5.99599600    0.00268477
   -5.94594595    0.00269830
   -5.89589590    0.00271195
   -5.84584585    0.00272572
   -5.79579580    0.00273961
   -5.74574575    0.00275363
   -5.69569570    0.00276776
   -5.64564565    0.00278203
   -5.59559560    0.00279642
   -5.54554555    0.00281094
   -5.49549550    0.00282559
   -5.44544545    0.00284038
   -5.39539540    0.00285530
   -5.34534535    0.00287035
   -5.29529530    0.00288554
   -5.24524525    0.00290087
   -5.19519520    0.00291635
   -5.14514515    0.00293197
   -5.09509510    0.00294773
   -5.04504505    0.00296364
   -4.99499499    0.00297970
   -4.94494494    0.00299591
   -4.89489489    0.00301228
   -4.84484484    0.00302880
   -4.79479479    0.00304548
   -4.74474474    0.00306232
   -4.69469469    0.00307932
   -4.64464464    0.00309649
   -4.59459459    0.00311383
   -4.54454454    0.00313133
   -4.49449449    0.00314901
   -4.44444444    0.00316686
   -4.39439439    0.00318489
   -4.34434434    0.00320310
   -4.29429429    0.00322149
   -4.24424424    0.00324007
   -4.19419419    0.00325883
   -4.14414414    0.00327779
   -4.09409409    0.00329694
   -4.04404404    0.00331629
   -3.99399399    0.00333583
   -3.94394394    0.00335559
   -3.89389389    0.00337554
   -3.84384384    0.00339571
   -3.79379379    0.00341609
   -3.74374374    0.00343668
   -3.69369369    0.00345750
   -3.64364364    0.00347853
   -3.59359359    0.00349980
   -3.54354354    0.00352130
   -3.49349349    0.00354303
   -3.44344344    0.00356499
   -3.39339339    0.00358721
   -3.34334334    0.00360966
   -3.29329329    0.00363237
   -3.24324324    0.00365534
   -3.19319319    0.00367856
   -3.14314314    0.00370205
   -3.09309309    0.00372580
   -3.04304304    0.00374983
   -2.99299299    0.00377414
   -2.94294294    0.00379873
   -2.89289289    0.00382362
   -2.84284284    0.00384879
   -2.79279279    0.00387427
   -2.74274274    0.00390005
   -2.69269269    0.00392614
   -2.64264264    0.00395256
   -2.59259259    0.00397929
   -2.54254254    0.00400636
   -2.49249249    0.00403376
   -2.44244244    0.00406151
   -2.39239239    0.00408961
   -2.34234234    0.00411806
   -2.29229229    0.00414689
   -2.24224224    0.00417608
   -2.19219219    0.00420566
   -2.14214214    0.00423563
   -2.09209209    0.00426601
   -2.04204204    0.00429679
   -1.99199199    0.00432798
   -1.94194194    0.00435961
   -1.89189189    0.00439168
   -1.84184184    0.00442419
   -1.79179179    0.00445717
   -1.74174174    0.00449062
   -1.69169169    0.00452456
   -1.64164164    0.00455899
   -1.59159159    0.00459394
   -1.54154154    0.00462941
   -1.49149149    0.00466542
   -1.44144144    0.00470199
   -1.39139139    0.00473913
   -1.34134134    0.00477687
   -1.29129129    0.00481521
   -1.24124124    0.00485418
   -1.19119119    0.00489380
   -1.14114114    0.00493410
   -1.09109109    0.00497508
   -1.04104104    0.00501679
   -0.99099099    0.00505924
   -0.94094094    0.00510247
   -0.89089089    0.00514650
   -0.84084084    0.00519136
   -0.79079079    0.00523710
   -0.74074074    0.00528374
   -0.69069069    0.00533132
   -0.64064064    0.00537990
   -0.59059059    0.00542950
   -0.54054054    0.00548018
   -0.49049049    0.00553200
   -0.44044044    0.00558500
   -0.39039039    0.00563924
   -0.34034034    0.00569479
   -0.29029029    0.00575171
   -0.24024024    0.00581006
   -0.19019019    0.00586993
   -0.14014014    0.00593139
   -0.09009009    0.00599434
   -0.04004004    0.00605861
    0.01001001    0.00612510
    0.06006006    0.00619392
    0.11011011    0.00626498
    0.16016016    0.00633741
    0.21021021    0.00641185
    0.26026026    0.00648829
    0.31031031    0.00656673
    0.36036036    0.00664711
    0.41041041    0.00672932
    0.46046046    0.00681324
    0.51051051    0.00689870
    0.56056056    0.00698549
    0.61061061    0.00707338
    0.66066066    0.00716215
    0.71071071    0.00725160
    0.76076076    0.00734157
    0.81081081    0.00743198
    0.86086086    0.00752284
    0.91091091    0.00761426
    0.96096096    0.00770648
    1.01101101    0.00779978
    1.06106106    0.00789454
    1.11111111    0.00799114
    1.16116116    0.00808992
    1.21121121    0.00819120
    1.26126126    0.00829517
    1.31131131    0.00840189
    1.36136136    0.00851127
    1.41141141    0.00862303
    1.46146146    0.00873670
    1.51151151    0.00885164
    1.56156156    0.00896705
    1.61161161    0.00908199
    1.66166166    0.00919544
    1.71171171    0.00930637
    1.76176176    0.00941380
    1.81181181    0.00951689
    1.86186186    0.00961495
    1.91191191    0.00970757
    1.96196196    0.00979458
    2.01201201    0.00987610
    2.06206206    0.00995249
    2.11211211    0.01002437
    2.16216216    0.01009256
    2.21221221    0.01015800
    2.26226226    0.01022174
    2.31231231    0.01028484
    2.36236236    0.01034834
    2.41241241    0.01041323
    2.46246246    0.01048035
    2.51251251    0.01055047
    2.56256256    0.01062421
    2.61261261    0.01070204
    2.66266266    0.01078435
    2.71271271    0.01087142
    2.76276276    0.01096345
    2.81281281    0.01106056
    2.86286286    0.01116285
    2.91291291    0.01127036
    2.96296296    0.01138310
    3.01301301    0.01150109
    3.06306306    0.01162430
    3.11311311    0.01175273
    3.16316316    0.01188633
    3.21321321    0.01202507
    3.26326326    0.01216893
    3.31331331    0.01231787
    3.36336336    0.01247189
    3.41341341    0.01263098
    3.46346346    0.01279517
    3.51351351    0.01296452
    3.56356356    0.01313910
    3.61361361    0.01331902
    3.66366366    0.01350443
    3.71371371    0.01369548
    3.76376376    0.01389236
    3.81381381    0.01409526
    3.86386386    0.01430440
    3.91391391    0.01451999
    3.96396396    0.01474225
    4.01401401    0.01497141
    4.06406406    0.01520770
    4.11411411    0.01545135
    4.16416416    0.01570260
    4.21421421    0.01596171
    4.26426426    0.01622894
    4.31431431    0.01650457
    4.36436436    0.01678892
    4.41441441    0.01708231
    4.46446446    0.01738508
    4.51451451    0.01769763
    4.56456456    0.01802037
    4.61461461    0.01835374
    4.66466466    0.01869821
    4.71471471    0.01905429
    4.76476476    0.01942250
    4.81481481    0.01980340
    4.86486486    0.02019758
    4.91491491    0.02060565
    4.96496496    0.02102827
    5.01501502    0.02146609
    5.06506507    0.02191984
    5.11511512    0.02239026
    5.16516517    0.02287815
    5.21521522    0.02338433
    5.26526527    0.02390972
    5.31531532    0.02445525
    5.36536537    0.02502198
    5.41541542    0.02561102
    5.46546547    0.02622360
    5.51551552    0.02686106
    5.56556557    0.02752486
    5.61561562    0.02821660
    5.66566567    0.02893800
    5.71571572    0.02969096
    5.76576577    0.03047749
    5.81581582    0.03129979
    5.86586587    0.03216021
    5.91591592    0.03306126
    5.96596597    0.03400567
    6.01601602    0.03499635
    6.06606607    0.03603642
    6.11611612    0.03712925
    6.16616617    0.03827843
    6.21621622    0.03948786
    6.26626627    0.04076167
    6.31631632    0.04210433
    6.36636637    0.04352056
    6.41641642    0.04501541
    6.46646647    0.04659421
    6.51651652    0.04826255
    6.56656657    0.05002624
    6.61661662    0.05189123
    6.66666667    0.05386355
    6.71671672    0.05594916
    6.76676677    0.05815374
    6.81681682    0.06048252
    6.86686687    0.06293999
    6.91691692    0.06552953
    6.96696697    0.06825311
    7.01701702    0.07111093
    7.06706707    0.07410102
    7.11711712    0.07721910
    7.16716717    0.08045849
    7.21721722    0.08381044
    7.26726727    0.08726469
    7.31731732    0.09081061
    7.36736737    0.09443868
    7.41741742    0.09814231
    7.46746747    0.10191973
    7.51751752    0.10577571
    7.56756757    0.10972267
    7.61761762    0.11378109
    7.66766767    0.11797893
    7.71771772    0.12235018
    7.76776777    0.12693282
    7.81781782    0.13176627
    7.86786787    0.13688883
    7.91791792    0.14233516
    7.96796797    0.14813407
    8.01801802    0.15430651
    8.06806807    0.16086386
    8.11811812    0.16780643
    8.16816817    0.17512228
    8.21821822    0.18278627
    8.26826827    0.19075970
    8.31831832    0.19899066
    8.36836837    0.20741526
    8.41841842    0.21596007
    8.46846847    0.22454558
    8.51851852    0.23309079
    8.56856857    0.24151833
    8.61861862    0.24975980
    8.66866867    0.25776056
    8.71871872    0.26548352
    8.76876877    0.27291128
    8.81881882    0.28004642
    8.86886887    0.28690996
    8.91891892    0.29353807
    8.96896897    0.29997778
    9.01901902    0.30628205
    9.06906907    0.31250488
    9.11911912    0.31869674
    9.16916917    0.32490035
    9.21921922    0.33114696
    9.26926927    0.33745300
    9.31931932    0.34381707
    9.36936937    0.35021753
    9.41941942    0.35661060
    9.46946947    0.36292938
    9.51951952    0.36908409
    9.56956957    0.37496388
    9.61961962    0.38044062
    9.66966967    0.38537502
    9.71971972    0.38962491
    9.76976977    0.39305511
    9.81981982    0.39554795
    9.86986987    0.39701296
    9.91991992    0.39739438
    9.96996997    0.39667528
   10.02002002    0.39487789
   10.07007007    0.39206009
   10.12012012    0.38830894
   10.17017017    0.38373223
   10.22022022    0.37844905
   10.27027027    0.37258037
   10.32032032    0.36624024
   10.37037037    0.35952828
   10.42042042    0.35252398
   10.47047047    0.34528338
   10.52052052    0.33783869
   10.57057057    0.33020085
   10.62062062    0.32236506
   10.67067067    0.31431807
   10.72072072    0.30604621
   10.77077077    0.29754263
   10.82082082    0.28881243
   10.87087087    0.27987521
   10.92092092    0.27076494
   10.97097097    0.26152780
   11.02102102    0.25221901
   11.07107107    0.24289940
   11.12112112    0.23363232
   11.17117117    0.22448099
   11.22122122    0.21550640
   11.27127127    0.20676528
   11.32132132    0.19830830
   11.37137137    0.19017835
   11.42142142    0.18240909
   11.47147147    0.17502384
   11.52152152    0.16803502
   11.57157157    0.16144420
   11.62162162    0.15524264
   11.67167167    0.14941249
   11.72172172    0.14392836
   11.77177177    0.13875941
   11.82182182    0.13387172
   11.87187187    0.12923083
   11.92192192    0.12480430
   11.97197197    0.12056383
   12.02202202    0.11648699
   12.07207207    0.11255804
   12.12212212    0.10876802
   12.17217217    0.10511399
   12.22222222    0.10159778
   12.27227227    0.09822445
   12.32232232    0.09500069
   12.37237237    0.09193346
   12.42242242    0.08902904
   12.47247247    0.08629231
   12.52252252    0.08372652
   12.57257257    0.08133321
   12.62262262    0.07911238
   12.67267267    0.07706275
   12.72272272    0.07518211
   12.77277277    0.07346758
   12.82282282    0.07191595
   12.87287287    0.07052388
   12.92292292    0.06928815
   12.97297297    0.06820582
   13.02302302    0.06727431
   13.07307307    0.06649151
   13.12312312    0.06585583
   13.17317317    0.06536615
   13.22322322    0.06502186
   13.27327327    0.06482274
   13.32332332    0.06476885
   13.37337337    0.06486041
   13.42342342    0.06509749
   13.47347347    0.06547981
   13.52352352    0.06600628
   13.57357357    0.06667458
   13.62362362    0.06748062
   13.67367367    0.06841782
   13.72372372    0.06947651
   13.77377377    0.07064313
   13.82382382    0.07189961
   13.87387387    0.07322286
   13.92392392    0.07458452
   13.97397397    0.07595121
   14.02402402    0.07728516
   14.07407407    0.07854561
   14.12412412    0.07969062
   14.17417417    0.08067941
   14.22422422    0.08147486
   14.27427427    0.08204602
   14.32432432    0.08237016
   14.37437437    0.08243438
   14.42442442    0.08223643
   14.47447447    0.08178481
   14.52452452    0.08109818
   14.57457457    0.08020400
   14.62462462    0.07913678
   14.67467467    0.07793580
   14.72472472    0.07664280
   14.77477477    0.07529965
   14.82482482    0.07394633
   14.87487487    0.07261929
   14.92492492    0.07135029
   14.97497497    0.07016571
   15.02502503    0.06908627
   15.07507508    0.06812707
   15.12512513    0.06729785
   15.17517518    0.06660338
   15.22522523    0.06604391
   15.27527528    0.06561567
   15.32532533    0.06531146
   15.37537538    0.06512122
   15.42542543    0.06503280
   15.47547548    0.06503269
   15.52552553    0.06510692
   15.57557558    0.06524188
   15.62562563    0.06542510
   15.67567568    0.06564574
   15.72572573    0.06589489
   15.77577578    0.06616559
   15.82582583    0.06645262
   15.87587588    0.06675223
   15.92592593    0.06706196
   15.97597598    0.06738059
   16.02602603    0.06770827
   16.07607608    0.06804672
   16.12612613    0.06839938
   16.17617618    0.06877135
   16.22622623    0.06916899
   16.27627628    0.06959923
   16.32632633    0.07006857
   16.37637638    0.07058206
   16.42642643    0.07114229
   16.47647648    0.07174875
   16.52652653    0.07239747
   16.57657658    0.07308118
   16.62662663    0.07378979
   16.67667668    0.07451124
   16.72672673    0.07523244
   16.77677678    0.07594023
   16.82682683    0.07662228
   16.87687688    0.07726771
   16.92692693    0.07786764
   16.97697698    0.07841558
   17.02702703    0.07890767
   17.07707708    0.07934293
   17.12712713    0.07972344
   17.17717718    0.08005444
   17.22722723    0.08034439
   17.27727728    0.08060486
   17.32732733    0.08085035
   17.37737738    0.08109789
   17.42742743    0.08136642
   17.47747748    0.08167598
   17.52752753    0.08204662
   17.57757758    0.08249724
   17.62762763    0.08304438
   17.67767768    0.08370114
   17.72772773    0.08447620
   17.77777778    0.08537329
   17.82782783    0.08639071
   17.87787788    0.08752123
   17.92792793    0.08875210
   17.97797798    0.09006511
   18.02802803    0.09143677
   18.07807808    0.09283863
   18.12812813    0.09423781
   18.17817818    0.09559791
   18.22822823    0.09688051
   18.27827828    0.09804726
   18.32832833    0.09906251
   18.37837838    0.09989622
   18.42842843    0.10052685
   18.47847848    0.10094372
   18.52852853    0.10114850
   18.57857858    0.10115565
   18.62862863    0.10099160
   18.67867868    0.10069287
   18.72872873    0.10030350
   18.77877878    0.09987196
   18.82882883    0.09944813
   18.87887888    0.09908050
   18.92892893    0.09881391
   18.97897898    0.09868783
   19.02902903    0.09873518
   19.07907908    0.09898165
   19.12912913    0.09944534
   19.17917918    0.10013664
   19.22922923    0.10105835
   19.27927928    0.10220590
   19.32932933    0.10356780
   19.37937938    0.10512631
   19.42942943    0.10685860
   19.47947948    0.10873821
   19.52952953    0.11073700
   19.57957958    0.11282752
   19.62962963    0.11498542
   19.67967968    0.11719165
   19.72972973    0.11943408
   19.77977978    0.12170828
   19.82982983    0.12401728
   19.87987988    0.12637030
   19.92992993    0.12878093
   19.97997998    0.13126481
   20.03003003    0.13383729
   20.08008008    0.13651111
   20.13013013    0.13929422
   20.18018018    0.14218763
   20.23023023    0.14518336
   20.28028028    0.14826245
   20.33033033    0.15139350
   20.38038038    0.15453190
   20.43043043    0.15762037
   20.48048048    0.16059108
   20.53053053    0.16336956
   20.58058058    0.16588017
   20.63063063    0.16805245
   20.68068068    0.16982760
   20.73073073    0.17116389
   20.78078078    0.17203995
   20.83083083    0.17245565
   20.88088088    0.17243025
   20.93093093    0.17199862
   20.98098098    0.17120621
   21.03103103    0.17010380
   21.08108108    0.16874291
   21.13113113    0.16717201
   21.18118118    0.16543392
   21.23123123    0.16356412
   21.28128128    0.16158984
   21.33133133    0.15952964
   21.38138138    0.15739348
   21.43143143    0.15518322
   21.48148148    0.15289360
   21.53153153    0.15051377
   21.58158158    0.14802930
   21.63163163    0.14542472
   21.68168168    0.14268605
   21.73173173    0.13980343
   21.78178178    0.13677314
   21.83183183    0.13359918
   21.88188188    0.13029391
   21.93193193    0.12687806
   21.98198198    0.12337977
   22.03203203    0.11983312
   22.08208208    0.11627605
   22.13213213    0.11274813
   22.18218218    0.10928830
   22.23223223    0.10593295
   22.28228228    0.10271449
   22.33233233    0.09966040
   22.38238238    0.09679294
   22.43243243    0.09412923
   22.48248248    0.09168163
   22.53253253    0.08945835
   22.58258258    0.08746408
   22.63263263    0.08570061
   22.68268268    0.08416739
   22.73273273    0.08286193
   22.78278278    0.08178017
   22.83283283    0.08091665
   22.88288288    0.08026469
   22.93293293    0.07981637
   22.98298298    0.07956255
   23.03303303    0.07949283
   23.08308308    0.07959557
   23.13313313    0.07985801
   23.18318318    0.08026645
   23.23323323    0.08080670
   23.28328328    0.08146459
   23.33333333    0.08222663
   23.38338338    0.08308066
   23.43343343    0.08401643
   23.48348348    0.08502586
   23.53353353    0.08610298
   23.58358358    0.08724350
   23.63363363    0.08844408
   23.68368368    0.08970137
   23.73373373    0.09101117
   23.78378378    0.09236759
   23.83383383    0.09376270
   23.88388388    0.09518634
   23.93393393    0.09662647
   23.98398398    0.09806972
   24.03403403    0.09950225
   24.08408408    0.10091096
   24.13413413    0.10228476
   24.18418418    0.10361605
   24.23423423    0.10490210
   24.28428428    0.10614608
   24.33433433    0.10735768
   24.38438438    0.10855285
   24.43443443    0.10975297
   24.48448448    0.11098326
   24.53453453    0.11227084
   24.58458458    0.11364259
   24.63463463    0.11512318
   24.68468468    0.11673333
   24.73473473    0.11848847
   24.78478478    0.12039777
   24.83483483    0.12246348
   24.88488488    0.12468042
   24.93493493    0.12703577
   24.98498498    0.12950887
   25.03503504    0.13207138
   25.08508509    0.13468786
   25.13513514    0.13731682
   25.18518519    0.13991262
   25.23523524    0.14242790
   25.28528529    0.14481650
   25.33533534    0.14703647
   25.38538539    0.14905257
   25.43543544    0.15083809
   25.48548549    0.15237564
   25.53553554    0.15365714
   25.58558559    0.15468330
   25.63563564    0.15546305
   25.68568569    0.15601316
   25.73573574    0.15635822
   25.78578579    0.15653068
   25.83583584    0.15657061
   25.88588589    0.15652470
   25.93593594    0.15644433
   25.98598599    0.15638280
   26.03603604    0.15639171
   26.08608609    0.15651730
   26.13613614    0.15679674
   26.18618619    0.15725515
   26.23623624    0.15790318
   26.28628629    0.15873553
   26.33633634    0.15973028
   26.38638639    0.16084923
   26.43643644    0.16203905
   26.48648649    0.16323374
   26.53653654    0.16435807
   26.58658659    0.16533248
   26.63663664    0.16607883
   26.68668669    0.16652687
   26.73673674    0.16662041
   26.78678679    0.16632247
   26.83683684    0.16561835
   26.88688689    0.16451615
   26.93693694    0.16304469
   26.98698699    0.16124916
   27.03703704    0.15918543
   27.08708709    0.15691404
   27.13713714    0.15449464
   27.18718719    0.15198172
   27.23723724    0.14942167
   27.28728729    0.14685147
   27.33733734    0.14429858
   27.38738739    0.14178187
   27.43743744    0.13931340
   27.48748749    0.13690053
   27.53753754    0.13454828
   27.58758759    0.13226157
   27.63763764    0.13004704
   27.68768769    0.12791429
   27.73773774    0.12587634
   27.78778779    0.12394933
   27.83783784    0.12215150
   27.88788789    0.12050165
   27.93793794    0.11901729
   27.98798799    0.11771271
   28.03803804    0.11659721
   28.08808809    0.11567357
   28.13813814    0.11493706
   28.18818819    0.11437490
   28.23823824    0.11396636
   28.28828829    0.11368349
   28.33833834    0.11349252
   28.38838839    0.11335586
   28.43843844    0.11323458
   28.48848849    0.11309128
   28.53853854    0.11289288
   28.58858859    0.11261322
   28.63863864    0.11223509
   28.68868869    0.11175149
   28.73873874    0.11116615
   28.78878879    0.11049308
   28.83883884    0.10975544
   28.88888889    0.10898376
   28.93893894    0.10821378
   28.98898899    0.10748413
   29.03903904    0.10683403
   29.08908909    0.10630139
   29.13913914    0.10592125
   29.18918919    0.10572467
   29.23923924    0.10573812
   29.28928929    0.10598323
   29.33933934    0.10647671
   29.38938939    0.10723044
   29.43943944    0.10825154
   29.48948949    0.10954237
   29.53953954    0.11110040
   29.58958959    0.11291800
   29.63963964    0.11498208
   29.68968969    0.11727378
   29.73973974    0.11976828
   29.78978979    0.12243487
   29.83983984    0.12523752
   29.88988989    0.12813604
   29.93993994    0.13108790
   29.98998999    0.13405065
   30.04004004    0.13698481
   30.09009009    0.13985665
   30.14014014    0.14264061
   30.19019019    0.14532063
   30.24024024    0.14789021
   30.29029029    0.15035095
   30.34034034    0.15270991
   30.39039039    0.15497608
   30.44044044    0.15715694
   30.49049049    0.15925562
   30.54054054    0.16126943
   30.59059059    0.16319018
   30.64064064    0.16500610
   30.69069069    0.16670526
   30.74074074    0.16827952
   30.79079079    0.16972817
   30.84084084    0.17106039
   30.89089089    0.17229587
   30.94094094    0.17346330
   30.99099099    0.17459716
   31.04104104    0.17573332
   31.09109109    0.17690436
   31.14114114    0.17813536
   31.19119119    0.17944066
   31.24124124    0.18082188
   31.29129129    0.18226708
   31.34134134    0.18375099
   31.39139139    0.18523597
   31.44144144    0.18667351
   31.49149149    0.18800646
   31.54154154    0.18917179
   31.59159159    0.19010417
   31.64164164    0.19074012
   31.69169169    0.19102264
   31.74174174    0.19090562
   31.79179179    0.19035762
   31.84184184    0.18936445
   31.89189189    0.18793025
   31.94194194    0.18607710
   31.99199199    0.18384336
   32.04204204    0.18128097
   32.09209209    0.17845223
   32.14214214    0.17542627
   32.19219219    0.17227549
   32.24224224    0.16907215
   32.29229229    0.16588536
   32.34234234    0.16277850
   32.39239239    0.15980724
   32.44244244    0.15701811
   32.49249249    0.15444768
   32.54254254    0.15212216
   32.59259259    0.15005750
   32.64264264    0.14825980
   32.69269269    0.14672608
   32.74274274    0.14544533
   32.79279279    0.14440005
   32.84284284    0.14356803
   32.89289289    0.14292467
   32.94294294    0.14244544
   32.99299299    0.14210840
   33.04304304    0.14189645
   33.09309309    0.14179886
   33.14314314    0.14181189
   33.19319319    0.14193834
   33.24324324    0.14218603
   33.29329329    0.14256566
   33.34334334    0.14308822
   33.39339339    0.14376265
   33.44344344    0.14459388
   33.49349349    0.14558158
   33.54354354    0.14671974
   33.59359359    0.14799681
   33.64364364    0.14939644
   33.69369369    0.15089849
   33.74374374    0.15248019
   33.79379379    0.15411722
   33.84384384    0.15578485
   33.89389389    0.15745881
   33.94394394    0.15911616
   33.99399399    0.16073591
   34.04404404    0.16229951
   34.09409409    0.16379084
   34.14414414    0.16519598
   34.19419419    0.16650243
   34.24424424    0.16769815
   34.29429429    0.16877043
   34.34434434    0.16970493
   34.39439439    0.17048520
   34.44444444    0.17109263
   34.49449449    0.17150730
   34.54454454    0.17170924
   34.59459459    0.17168039
   34.64464464    0.17140673
   34.69469469    0.17088059
   34.74474474    0.17010271
   34.79479479    0.16908387
   34.84484484    0.16784589
   34.89489489    0.16642165
   34.94494494    0.16485427
   34.99499499    0.16319528
   35.04504505    0.16150208
   35.09509510    0.15983487
   35.14514515    0.15825357
   35.19519520    0.15681484
   35.24524525    0.15556959
   35.29529530    0.15456098
   35.34534535    0.15382295
   35.39539540    0.15337925
   35.44544545    0.15324271
   35.49549550    0.15341485
   35.54554555    0.15388563
   35.59559560    0.15463338
   35.64564565    0.15562505
   35.69569570    0.15681687
   35.74574575    0.15815552
   35.79579580    0.15957997
   35.84584585    0.16102407
   35.89589590    0.16241974
   35.94594595    0.16370073
   35.99599600    0.16480638
   36.04604605    0.16568527
   36.09609610    0.16629811
   36.14614615    0.16661968
   36.19619620    0.16663946
   36.24624625    0.16636111
   36.29629630    0.16580084
   36.34634635    0.16498496
   36.39639640    0.16394708
   36.44644645    0.16272530
   36.49649650    0.16135961
   36.54654655    0.15988983
   36.59659660    0.15835388
   36.64664665    0.15678648
   36.69669670    0.15521798
   36.74674675    0.15367331
   36.79679680    0.15217090
   36.84684685    0.15072181
   36.89689690    0.14932898
   36.94694695    0.14798715
   36.99699700    0.14668325
   37.04704705    0.14539778
   37.09709710    0.14410687
   37.14714715    0.14278498
   37.19719720    0.14140800
   37.24724725    0.13995623
   37.29729730    0.13841671
   37.34734735    0.13678479
   37.39739740    0.13506429
   37.44744745    0.13326660
   37.49749750    0.13140867
   37.54754755    0.12951049
   37.59759760    0.12759235
   37.64764765    0.12567250
   37.69769770    0.12376542
   37.74774775    0.12188099
   37.79779780    0.12002434
   37.84784785    0.11819647
   37.89789790    0.11639528
   37.94794795    0.11461691
   37.99799800    0.11285714
   38.04804805    0.11111270
   38.09809810    0.10938246
   38.14814815    0.10766835
   38.19819820    0.10597596
   38.24824825    0.10431465
   38.29829830    0.10269736
   38.34834835    0.10113992
   38.39839840    0.09966014
   38.44844845    0.09827668
   38.49849850    0.09700794
   38.54854855    0.09587088
   38.59859860    0.09488018
   38.64864865    0.09404734
   38.69869870    0.09338012
   38.74874875    0.09288193
   38.79879880    0.09255136
   38.84884885    0.09238173
   38.89889890    0.09236069
   38.94894895    0.09246984
   38.99899900    0.09268463
   39.04904905    0.09297444
   39.09909910    0.09330314
   39.14914915    0.09363028
   39.19919920    0.09391277
   39.24924925    0.09410728
   39.29929930    0.09417294
   39.34934935    0.09407426
   39.39939940    0.09378366
   39.44944945    0.09328340
   39.49949950    0.09256659
   39.54954955    0.09163713
   39.59959960    0.09050875
   39.64964965    0.08920333
   39.69969970    0.08774895
   39.74974975    0.08617779
   39.79979980    0.08452414
   39.84984985    0.08282274
   39.89989990    0.08110726
   39.94994995    0.07940925
   40.00000000    0.07775724
