# Final state angular momentum:   1
# Broadening parameter (in eV):    0.800
# Absorbing atom type (xiabs):   2
# Energy (eV)   sigma
  -10.00000000    0.00157335
   -9.94994995    0.00158042
   -9.89989990    0.00158755
   -9.84984985    0.00159472
   -9.79979980    0.00160195
   -9.74974975    0.00160924
   -9.69969970    0.00161657
   -9.64964965    0.00162397
   -9.59959960    0.00163142
   -9.54954955    0.00163892
   -9.49949950    0.00164648
   -9.44944945    0.00165410
   -9.39939940    0.00166177
   -9.34934935    0.00166951
   -9.29929930    0.00167730
   -9.24924925    0.00168516
   -9.19919920    0.00169307
   -9.14914915    0.00170105
   -9.09909910    0.00170908
   -9.04904905    0.00171718
   -8.99899900    0.00172534
   -8.94894895    0.00173357
   -8.89889890    0.00174186
   -8.84884885    0.00175022
   -8.79879880    0.00175864
   -8.74874875    0.00176713
   -8.69869870    0.00177568
   -8.64864865    0.00178431
   -8.59859860    0.00179300
   -8.54854855    0.00180176
   -8.49849850    0.00181059
   -8.44844845    0.00181950
   -8.39839840    0.00182847
   -8.34834835    0.00183752
   -8.29829830    0.00184665
   -8.24824825    0.00185584
   -8.19819820    0.00186512
   -8.14814815    0.00187447
   -8.09809810    0.00188389
   -8.04804805    0.00189340
   -7.99799800    0.00190298
   -7.94794795    0.00191265
   -7.89789790    0.00192239
   -7.84784785    0.00193222
   -7.79779780    0.00194213
   -7.74774775    0.00195212
   -7.69769770    0.00196220
   -7.64764765    0.00197236
   -7.59759760    0.00198261
   -7.54754755    0.00199295
   -7.49749750    0.00200338
   -7.44744745    0.00201390
   -7.39739740    0.00202450
   -7.34734735    0.00203521
   -7.29729730    0.00204600
   -7.24724725    0.00205689
   -7.19719720    0.00206787
   -7.14714715    0.00207895
   -7.09709710    0.00209013
   -7.04704705    0.00210141
   -6.99699700    0.00211279
   -6.94694695    0.00212427
   -6.89689690    0.00213585
   -6.84684685    0.00214754
   -6.79679680    0.00215934
   -6.74674675    0.00217124
   -6.69669670    0.00218325
   -6.64664665    0.00219537
   -6.59659660    0.00220760
   -6.54654655    0.00221994
   -6.49649650    0.00223240
   -6.44644645    0.00224497
   -6.39639640    0.00225766
   -6.34634635    0.00227047
   -6.29629630    0.00228340
   -6.24624625    0.00229645
   -6.19619620    0.00230962
   -6.14614615    0.00232292
   -6.09609610    0.00233635
   -6.04604605    0.00234990
   -5.99599600    0.00236359
   -5.94594595    0.00237741
   -5.89589590    0.00239136
   -5.84584585    0.00240544
   -5.79579580    0.00241967
   -5.74574575    0.00243403
   -5.69569570    0.00244854
   -5.64564565    0.00246318
   -5.59559560    0.00247798
   -5.54554555    0.00249292
   -5.49549550    0.00250801
   -5.44544545    0.00252325
   -5.39539540    0.00253864
   -5.34534535    0.00255419
   -5.29529530    0.00256990
   -5.24524525    0.00258577
   -5.19519520    0.00260180
   -5.14514515    0.00261800
   -5.09509510    0.00263436
   -5.04504505    0.00265090
   -4.99499499    0.00266760
   -4.94494494    0.00268448
   -4.89489489    0.00270154
   -4.84484484    0.00271878
   -4.79479479    0.00273620
   -4.74474474    0.00275381
   -4.69469469    0.00277160
   -4.64464464    0.00278959
   -4.59459459    0.00280777
   -4.54454454    0.00282615
   -4.49449449    0.00284472
   -4.44444444    0.00286351
   -4.39439439    0.00288249
   -4.34434434    0.00290169
   -4.29429429    0.00292110
   -4.24424424    0.00294072
   -4.19419419    0.00296057
   -4.14414414    0.00298064
   -4.09409409    0.00300093
   -4.04404404    0.00302146
   -3.99399399    0.00304222
   -3.94394394    0.00306321
   -3.89389389    0.00308445
   -3.84384384    0.00310593
   -3.79379379    0.00312767
   -3.74374374    0.00314966
   -3.69369369    0.00317190
   -3.64364364    0.00319441
   -3.59359359    0.00321718
   -3.54354354    0.00324023
   -3.49349349    0.00326355
   -3.44344344    0.00328715
   -3.39339339    0.00331104
   -3.34334334    0.00333521
   -3.29329329    0.00335969
   -3.24324324    0.00338446
   -3.19319319    0.00340954
   -3.14314314    0.00343493
   -3.09309309    0.00346063
   -3.04304304    0.00348666
   -2.99299299    0.00351302
   -2.94294294    0.00353971
   -2.89289289    0.00356674
   -2.84284284    0.00359411
   -2.79279279    0.00362184
   -2.74274274    0.00364993
   -2.69269269    0.00367838
   -2.64264264    0.00370721
   -2.59259259    0.00373642
   -2.54254254    0.00376601
   -2.49249249    0.00379600
   -2.44244244    0.00382638
   -2.39239239    0.00385718
   -2.34234234    0.00388840
   -2.29229229    0.00392004
   -2.24224224    0.00395212
   -2.19219219    0.00398464
   -2.14214214    0.00401761
   -2.09209209    0.00405104
   -2.04204204    0.00408494
   -1.99199199    0.00411933
   -1.94194194    0.00415420
   -1.89189189    0.00418957
   -1.84184184    0.00422545
   -1.79179179    0.00426186
   -1.74174174    0.00429880
   -1.69169169    0.00433628
   -1.64164164    0.00437432
   -1.59159159    0.00441292
   -1.54154154    0.00445211
   -1.49149149    0.00449189
   -1.44144144    0.00453227
   -1.39139139    0.00457328
   -1.34134134    0.00461492
   -1.29129129    0.00465722
   -1.24124124    0.00470017
   -1.19119119    0.00474381
   -1.14114114    0.00478815
   -1.09109109    0.00483320
   -1.04104104    0.00487898
   -0.99099099    0.00492551
   -0.94094094    0.00497281
   -0.89089089    0.00502090
   -0.84084084    0.00506979
   -0.79079079    0.00511951
   -0.74074074    0.00517009
   -0.69069069    0.00522153
   -0.64064064    0.00527387
   -0.59059059    0.00532713
   -0.54054054    0.00538134
   -0.49049049    0.00543651
   -0.44044044    0.00549268
   -0.39039039    0.00554988
   -0.34034034    0.00560813
   -0.29029029    0.00566746
   -0.24024024    0.00572791
   -0.19019019    0.00578950
   -0.14014014    0.00585228
   -0.09009009    0.00591615
   -0.04004004    0.00598097
    0.01001001    0.00604739
    0.06006006    0.00611549
    0.11011011    0.00618519
    0.16016016    0.00625588
    0.21021021    0.00632806
    0.26026026    0.00640177
    0.31031031    0.00647709
    0.36036036    0.00655407
    0.41041041    0.00663277
    0.46046046    0.00671327
    0.51051051    0.00679564
    0.56056056    0.00687996
    0.61061061    0.00696631
    0.66066066    0.00705478
    0.71071071    0.00714545
    0.76076076    0.00723843
    0.81081081    0.00733381
    0.86086086    0.00743170
    0.91091091    0.00753221
    0.96096096    0.00763544
    1.01101101    0.00774152
    1.06106106    0.00785056
    1.11111111    0.00796267
    1.16116116    0.00807795
    1.21121121    0.00819653
    1.26126126    0.00831847
    1.31131131    0.00844386
    1.36136136    0.00857274
    1.41141141    0.00870513
    1.46146146    0.00884101
    1.51151151    0.00898034
    1.56156156    0.00912302
    1.61161161    0.00926891
    1.66166166    0.00941786
    1.71171171    0.00956969
    1.76176176    0.00972426
    1.81181181    0.00988142
    1.86186186    0.01004112
    1.91191191    0.01020339
    1.96196196    0.01036836
    2.01201201    0.01053626
    2.06206206    0.01070745
    2.11211211    0.01088232
    2.16216216    0.01106134
    2.21221221    0.01124494
    2.26226226    0.01143353
    2.31231231    0.01162745
    2.36236236    0.01182693
    2.41241241    0.01203208
    2.46246246    0.01224292
    2.51251251    0.01245934
    2.56256256    0.01268118
    2.61261261    0.01290823
    2.66266266    0.01314030
    2.71271271    0.01337725
    2.76276276    0.01361903
    2.81281281    0.01386570
    2.86286286    0.01411747
    2.91291291    0.01437464
    2.96296296    0.01463761
    3.01301301    0.01490684
    3.06306306    0.01518284
    3.11311311    0.01546610
    3.16316316    0.01575713
    3.21321321    0.01605639
    3.26326326    0.01636431
    3.31331331    0.01668127
    3.36336336    0.01700755
    3.41341341    0.01734331
    3.46346346    0.01768856
    3.51351351    0.01804315
    3.56356356    0.01840671
    3.61361361    0.01877870
    3.66366366    0.01915841
    3.71371371    0.01954504
    3.76376376    0.01993774
    3.81381381    0.02033570
    3.86386386    0.02073822
    3.91391391    0.02114474
    3.96396396    0.02155495
    4.01401401    0.02196878
    4.06406406    0.02238645
    4.11411411    0.02280849
    4.16416416    0.02323579
    4.21421421    0.02366958
    4.26426426    0.02411151
    4.31431431    0.02456361
    4.36436436    0.02502827
    4.41441441    0.02550823
    4.46446446    0.02600646
    4.51451451    0.02652612
    4.56456456    0.02707045
    4.61461461    0.02764271
    4.66466466    0.02824610
    4.71471471    0.02888379
    4.76476476    0.02955882
    4.81481481    0.03027419
    4.86486486    0.03103283
    4.91491491    0.03183768
    4.96496496    0.03269169
    5.01501502    0.03359787
    5.06506507    0.03455935
    5.11511512    0.03557937
    5.16516517    0.03666136
    5.21521522    0.03780890
    5.26526527    0.03902578
    5.31531532    0.04031598
    5.36536537    0.04168363
    5.41541542    0.04313303
    5.46546547    0.04466854
    5.51551552    0.04629454
    5.56556557    0.04801531
    5.61561562    0.04983483
    5.66566567    0.05175665
    5.71571572    0.05378358
    5.76576577    0.05591740
    5.81581582    0.05815859
    5.86586587    0.06050595
    5.91591592    0.06295631
    5.96596597    0.06550434
    6.01601602    0.06814256
    6.06606607    0.07086154
    6.11611612    0.07365048
    6.16616617    0.07649823
    6.21621622    0.07939460
    6.26626627    0.08233199
    6.31631632    0.08530715
    6.36636637    0.08832271
    6.41641642    0.09138830
    6.46646647    0.09452097
    6.51651652    0.09774487
    6.56656657    0.10109016
    6.61661662    0.10459138
    6.66666667    0.10828542
    6.71671672    0.11220951
    6.76676677    0.11639922
    6.81681682    0.12088668
    6.86686687    0.12569904
    6.91691692    0.13085705
    6.96696697    0.13637379
    7.01701702    0.14225342
    7.06706707    0.14849003
    7.11711712    0.15506666
    7.16716717    0.16195452
    7.21721722    0.16911283
    7.26726727    0.17648933
    7.31731732    0.18402183
    7.36736737    0.19164091
    7.41741742    0.19927357
    7.46746747    0.20684793
    7.51751752    0.21429815
    7.56756757    0.22156912
    7.61761762    0.22862030
    7.66766767    0.23542804
    7.71771772    0.24198621
    7.76776777    0.24830512
    7.81781782    0.25440915
    7.86786787    0.26033332
    7.91791792    0.26611954
    7.96796797    0.27181264
    8.01801802    0.27745659
    8.06806807    0.28309083
    8.11811812    0.28874697
    8.16816817    0.29444584
    8.21821822    0.30019500
    8.26826827    0.30598710
    8.31831832    0.31179891
    8.36836837    0.31759146
    8.41841842    0.32331084
    8.46846847    0.32888973
    8.51851852    0.33424930
    8.56856857    0.33930128
    8.61861862    0.34395024
    8.66866867    0.34809629
    8.71871872    0.35163843
    8.76876877    0.35447886
    8.81881882    0.35652840
    8.86886887    0.35771253
    8.91891892    0.35797750
    8.96896897    0.35729522
    9.01901902    0.35566589
    9.06906907    0.35311759
    9.11911912    0.34970248
    9.16916917    0.34549026
    9.21921922    0.34055995
    9.26926927    0.33499154
    9.31931932    0.32885923
    9.36936937    0.32222707
    9.41941942    0.31514797
    9.46946947    0.30766562
    9.51951952    0.29981857
    9.56956957    0.29164531
    9.61961962    0.28318887
    9.66966967    0.27449974
    9.71971972    0.26563665
    9.76976977    0.25666489
    9.81981982    0.24765285
    9.86986987    0.23866768
    9.91991992    0.22977101
    9.96996997    0.22101566
   10.02002002    0.21244391
   10.07007007    0.20408736
   10.12012012    0.19596838
   10.17017017    0.18810234
   10.22022022    0.18050032
   10.27027027    0.17317143
   10.32032032    0.16612442
   10.37037037    0.15936841
   10.42042042    0.15291262
   10.47047047    0.14676555
   10.52052052    0.14093367
   10.57057057    0.13542020
   10.62062062    0.13022402
   10.67067067    0.12533889
   10.72072072    0.12075326
   10.77077077    0.11645034
   10.82082082    0.11240874
   10.87087087    0.10860341
   10.92092092    0.10500704
   10.97097097    0.10159166
   11.02102102    0.09833036
   11.07107107    0.09519904
   11.12112112    0.09217784
   11.17117117    0.08925215
   11.22122122    0.08641295
   11.27127127    0.08365663
   11.32132132    0.08098411
   11.37137137    0.07839976
   11.42142142    0.07591006
   11.47147147    0.07352235
   11.52152152    0.07124383
   11.57157157    0.06908080
   11.62162162    0.06703824
   11.67167167    0.06511963
   11.72172172    0.06332701
   11.77177177    0.06166109
   11.82182182    0.06012152
   11.87187187    0.05870716
   11.92192192    0.05741632
   11.97197197    0.05624701
   12.02202202    0.05519712
   12.07207207    0.05426461
   12.12212212    0.05344763
   12.17217217    0.05274461
   12.22222222    0.05215433
   12.27227227    0.05167598
   12.32232232    0.05130914
   12.37237237    0.05105381
   12.42242242    0.05091032
   12.47247247    0.05087930
   12.52252252    0.05096156
   12.57257257    0.05115793
   12.62262262    0.05146911
   12.67267267    0.05189532
   12.72272272    0.05243603
   12.77277277    0.05308956
   12.82282282    0.05385250
   12.87287287    0.05471923
   12.92292292    0.05568123
   12.97297297    0.05672645
   13.02302302    0.05783870
   13.07307307    0.05899720
   13.12312312    0.06017633
   13.17317317    0.06134583
   13.22322322    0.06247146
   13.27327327    0.06351624
   13.32332332    0.06444228
   13.37337337    0.06521304
   13.42342342    0.06579589
   13.47347347    0.06616456
   13.52352352    0.06630122
   13.57357357    0.06619798
   13.62362362    0.06585738
   13.67367367    0.06529216
   13.72372372    0.06452410
   13.77377377    0.06358216
   13.82382382    0.06250034
   13.87387387    0.06131526
   13.92392392    0.06006389
   13.97397397    0.05878155
   14.02402402    0.05750041
   14.07407407    0.05624837
   14.12412412    0.05504849
   14.17417417    0.05391881
   14.22422422    0.05287243
   14.27427427    0.05191787
   14.32432432    0.05105950
   14.37437437    0.05029810
   14.42442442    0.04963139
   14.47447447    0.04905466
   14.52452452    0.04856143
   14.57457457    0.04814407
   14.62462462    0.04779455
   14.67467467    0.04750513
   14.72472472    0.04726906
   14.77477477    0.04708105
   14.82482482    0.04693773
   14.87487487    0.04683768
   14.92492492    0.04678139
   14.97497497    0.04677078
   15.02502503    0.04680871
   15.07507508    0.04689829
   15.12512513    0.04704215
   15.17517518    0.04724182
   15.22522523    0.04749714
   15.27527528    0.04780589
   15.32532533    0.04816352
   15.37537538    0.04856314
   15.42542543    0.04899565
   15.47547548    0.04945019
   15.52552553    0.04991471
   15.57557558    0.05037674
   15.62562563    0.05082431
   15.67567568    0.05124683
   15.72572573    0.05163589
   15.77577578    0.05198577
   15.82582583    0.05229375
   15.87587588    0.05255998
   15.92592593    0.05278705
   15.97597598    0.05297935
   16.02602603    0.05314231
   16.07607608    0.05328166
   16.12612613    0.05340283
   16.17617618    0.05351053
   16.22622623    0.05360862
   16.27627628    0.05370016
   16.32632633    0.05378764
   16.37637638    0.05387335
   16.42642643    0.05395979
   16.47647648    0.05405000
   16.52652653    0.05414783
   16.57657658    0.05425811
   16.62662663    0.05438659
   16.67667668    0.05453987
   16.72672673    0.05472508
   16.77677678    0.05494961
   16.82682683    0.05522073
   16.87687688    0.05554523
   16.92692693    0.05592911
   16.97697698    0.05637724
   17.02702703    0.05689324
   17.07707708    0.05747923
   17.12712713    0.05813577
   17.17717718    0.05886188
   17.22722723    0.05965500
   17.27727728    0.06051110
   17.32732733    0.06142477
   17.37737738    0.06238937
   17.42742743    0.06339717
   17.47747748    0.06443955
   17.52752753    0.06550715
   17.57757758    0.06659008
   17.62762763    0.06767818
   17.67767768    0.06876125
   17.72772773    0.06982933
   17.77777778    0.07087306
   17.82782783    0.07188403
   17.87787788    0.07285516
   17.92792793    0.07378112
   17.97797798    0.07465865
   18.02802803    0.07548693
   18.07807808    0.07626778
   18.12812813    0.07700582
   18.17817818    0.07770847
   18.22822823    0.07838585
   18.27827828    0.07905057
   18.32832833    0.07971740
   18.37837838    0.08040287
   18.42842843    0.08112477
   18.47847848    0.08190163
   18.52852853    0.08275218
   18.57857858    0.08369473
   18.62862863    0.08474663
   18.67867868    0.08592365
   18.72872873    0.08723939
   18.77877878    0.08870463
   18.82882883    0.09032673
   18.87887888    0.09210891
   18.92892893    0.09404954
   18.97897898    0.09614139
   19.02902903    0.09837083
   19.07907908    0.10071708
   19.12912913    0.10315151
   19.17917918    0.10563713
   19.22922923    0.10812842
   19.27927928    0.11057160
   19.32932933    0.11290567
   19.37937938    0.11506425
   19.42942943    0.11697845
   19.47947948    0.11858075
   19.52952953    0.11980961
   19.57957958    0.12061447
   19.62962963    0.12096048
   19.67967968    0.12083225
   19.72972973    0.12023595
   19.77977978    0.11919939
   19.82982983    0.11776997
   19.87987988    0.11601083
   19.92992993    0.11399586
   19.97997998    0.11180423
   20.03003003    0.10951533
   20.08008008    0.10720441
   20.13013013    0.10493939
   20.18018018    0.10277888
   20.23023023    0.10077114
   20.28028028    0.09895386
   20.33033033    0.09735453
   20.38038038    0.09599104
   20.43043043    0.09487238
   20.48048048    0.09399929
   20.53053053    0.09336486
   20.58058058    0.09295488
   20.63063063    0.09274827
   20.68068068    0.09271740
   20.73073073    0.09282856
   20.78078078    0.09304281
   20.83083083    0.09331703
   20.88088088    0.09360565
   20.93093093    0.09386269
   20.98098098    0.09404431
   21.03103103    0.09411141
   21.08108108    0.09403214
   21.13113113    0.09378384
   21.18118118    0.09335421
   21.23123123    0.09274149
   21.28128128    0.09195349
   21.33133133    0.09100591
   21.38138138    0.08992005
   21.43143143    0.08872026
   21.48148148    0.08743166
   21.53153153    0.08607828
   21.58158158    0.08468173
   21.63163163    0.08326056
   21.68168168    0.08183027
   21.73173173    0.08040363
   21.78178178    0.07899145
   21.83183183    0.07760333
   21.88188188    0.07624844
   21.93193193    0.07493612
   21.98198198    0.07367621
   22.03203203    0.07247911
   22.08208208    0.07135571
   22.13213213    0.07031701
   22.18218218    0.06937374
   22.23223223    0.06853592
   22.28228228    0.06781245
   22.33233233    0.06721076
   22.38238238    0.06673648
   22.43243243    0.06639327
   22.48248248    0.06618256
   22.53253253    0.06610345
   22.58258258    0.06615253
   22.63263263    0.06632373
   22.68268268    0.06660829
   22.73273273    0.06699464
   22.78278278    0.06746850
   22.83283283    0.06801312
   22.88288288    0.06860963
   22.93293293    0.06923781
   22.98298298    0.06987696
   23.03303303    0.07050712
   23.08308308    0.07111042
   23.13313313    0.07167246
   23.18318318    0.07218353
   23.23323323    0.07263954
   23.28328328    0.07304246
   23.33333333    0.07340028
   23.38338338    0.07372637
   23.43343343    0.07403844
   23.48348348    0.07435724
   23.53353353    0.07470511
   23.58358358    0.07510463
   23.63363363    0.07557742
   23.68368368    0.07614312
   23.73373373    0.07681875
   23.78378378    0.07761815
   23.83383383    0.07855166
   23.88388388    0.07962593
   23.93393393    0.08084376
   23.98398398    0.08220401
   24.03403403    0.08370152
   24.08408408    0.08532702
   24.13413413    0.08706712
   24.18418418    0.08890433
   24.23423423    0.09081718
   24.28428428    0.09278060
   24.33433433    0.09476635
   24.38438438    0.09674390
   24.43443443    0.09868150
   24.48448448    0.10054753
   24.53453453    0.10231219
   24.58458458    0.10394921
   24.63463463    0.10543762
   24.68468468    0.10676330
   24.73473473    0.10792011
   24.78478478    0.10891051
   24.83483483    0.10974546
   24.88488488    0.11044365
   24.93493493    0.11103015
   24.98498498    0.11153452
   25.03503504    0.11198865
   25.08508509    0.11242443
   25.13513514    0.11287147
   25.18518519    0.11335495
   25.23523524    0.11389367
   25.28528529    0.11449839
   25.33533534    0.11517055
   25.38538539    0.11590127
   25.43543544    0.11667095
   25.48548549    0.11744944
   25.53553554    0.11819696
   25.58558559    0.11886590
   25.63563564    0.11940359
   25.68568569    0.11975594
   25.73573574    0.11987181
   25.78578579    0.11970754
   25.83583584    0.11923131
   25.88588589    0.11842653
   25.93593594    0.11729381
   25.98598599    0.11585116
   26.03603604    0.11413248
   26.08608609    0.11218447
   26.13613614    0.11006268
   26.18618619    0.10782722
   26.23623624    0.10553857
   26.28628629    0.10325423
   26.33633634    0.10102608
   26.38638639    0.09889872
   26.43643644    0.09690869
   26.48648649    0.09508420
   26.53653654    0.09344549
   26.58658659    0.09200533
   26.63663664    0.09076975
   26.68668669    0.08973871
   26.73673674    0.08890682
   26.78678679    0.08826401
   26.83683684    0.08779609
   26.88688689    0.08748540
   26.93693694    0.08731138
   26.98698699    0.08725121
   27.03703704    0.08728046
   27.08708709    0.08737381
   27.13713714    0.08750565
   27.18718719    0.08765068
   27.23723724    0.08778442
   27.28728729    0.08788357
   27.33733734    0.08792625
   27.38738739    0.08789227
   27.43743744    0.08776332
   27.48748749    0.08752340
   27.53753754    0.08715932
   27.58758759    0.08666140
   27.63763764    0.08602426
   27.68768769    0.08524759
   27.73773774    0.08433669
   27.78778779    0.08330276
   27.83783784    0.08216263
   27.88788789    0.08093807
   27.93793794    0.07965478
   27.98798799    0.07834095
   28.03803804    0.07702587
   28.08808809    0.07573854
   28.13813814    0.07450649
   28.18818819    0.07335494
   28.23823824    0.07230619
   28.28828829    0.07137942
   28.33833834    0.07059063
   28.38838839    0.06995283
   28.43843844    0.06947627
   28.48848849    0.06916880
   28.53853854    0.06903610
   28.58858859    0.06908200
   28.63863864    0.06930862
   28.68868869    0.06971651
   28.73873874    0.07030462
   28.78878879    0.07107029
   28.83883884    0.07200908
   28.88888889    0.07311465
   28.93893894    0.07437858
   28.98898899    0.07579024
   29.03903904    0.07733680
   29.08908909    0.07900331
   29.13913914    0.08077304
   29.18918919    0.08262794
   29.23923924    0.08454935
   29.28928929    0.08651877
   29.33933934    0.08851878
   29.38938939    0.09053376
   29.43943944    0.09255051
   29.48948949    0.09455858
   29.53953954    0.09655027
   29.58958959    0.09852032
   29.63963964    0.10046533
   29.68968969    0.10238305
   29.73973974    0.10427153
   29.78978979    0.10612836
   29.83983984    0.10794997
   29.88988989    0.10973098
   29.93993994    0.11146387
   29.98998999    0.11313874
   30.04004004    0.11474342
   30.09009009    0.11626380
   30.14014014    0.11768446
   30.19019019    0.11898951
   30.24024024    0.12016357
   30.29029029    0.12119266
   30.34034034    0.12206503
   30.39039039    0.12277161
   30.44044044    0.12330620
   30.49049049    0.12366523
   30.54054054    0.12384722
   30.59059059    0.12385215
   30.64064064    0.12368071
   30.69069069    0.12333379
   30.74074074    0.12281211
   30.79079079    0.12211635
   30.84084084    0.12124743
   30.89089089    0.12020718
   30.94094094    0.11899913
   30.99099099    0.11762934
   31.04104104    0.11610704
   31.09109109    0.11444515
   31.14114114    0.11266031
   31.19119119    0.11077279
   31.24124124    0.10880588
   31.29129129    0.10678521
   31.34134134    0.10473777
   31.39139139    0.10269098
   31.44144144    0.10067164
   31.49149149    0.09870509
   31.54154154    0.09681443
   31.59159159    0.09501992
   31.64164164    0.09333859
   31.69169169    0.09178401
   31.74174174    0.09036619
   31.79179179    0.08909170
   31.84184184    0.08796378
   31.89189189    0.08698265
   31.94194194    0.08614582
   31.99199199    0.08544849
   32.04204204    0.08488394
   32.09209209    0.08444402
   32.14214214    0.08411957
   32.19219219    0.08390097
   32.24224224    0.08377852
   32.29229229    0.08374296
   32.34234234    0.08378581
   32.39239239    0.08389972
   32.44244244    0.08407869
   32.49249249    0.08431824
   32.54254254    0.08461541
   32.59259259    0.08496867
   32.64264264    0.08537773
   32.69269269    0.08584328
   32.74274274    0.08636667
   32.79279279    0.08694948
   32.84284284    0.08759320
   32.89289289    0.08829887
   32.94294294    0.08906677
   32.99299299    0.08989620
   33.04304304    0.09078525
   33.09309309    0.09173070
   33.14314314    0.09272793
   33.19319319    0.09377078
   33.24324324    0.09485147
   33.29329329    0.09596042
   33.34334334    0.09708612
   33.39339339    0.09821484
   33.44344344    0.09933042
   33.49349349    0.10041405
   33.54354354    0.10144418
   33.59359359    0.10239662
   33.64364364    0.10324491
   33.69369369    0.10396105
   33.74374374    0.10451672
   33.79379379    0.10488487
   33.84384384    0.10504159
   33.89389389    0.10496827
   33.94394394    0.10465357
   33.99399399    0.10409510
   34.04404404    0.10330038
   34.09409409    0.10228707
   34.14414414    0.10108227
   34.19419419    0.09972101
   34.24424424    0.09824417
   34.29429429    0.09669602
   34.34434434    0.09512182
   34.39439439    0.09356554
   34.44444444    0.09206811
   34.49449449    0.09066604
   34.54454454    0.08939057
   34.59459459    0.08826724
   34.64464464    0.08731576
   34.69469469    0.08655006
   34.74474474    0.08597847
   34.79479479    0.08560392
   34.84484484    0.08542409
   34.89489489    0.08543150
   34.94494494    0.08561362
   34.99499499    0.08595293
   35.04504505    0.08642712
   35.09509510    0.08700942
   35.14514515    0.08766923
   35.19519520    0.08837314
   35.24524525    0.08908631
   35.29529530    0.08977422
   35.34534535    0.09040480
   35.39539540    0.09095050
   35.44544545    0.09139028
   35.49549550    0.09171110
   35.54554555    0.09190862
   35.59559560    0.09198719
   35.64564565    0.09195883
   35.69569570    0.09184158
   35.74574575    0.09165734
   35.79579580    0.09142951
   35.84584585    0.09118070
   35.89589590    0.09093073
   35.94594595    0.09069503
   35.99599600    0.09048359
   36.04604605    0.09030038
   36.09609610    0.09014325
   36.14614615    0.09000434
   36.19619620    0.08987090
   36.24624625    0.08972645
   36.29629630    0.08955231
   36.34634635    0.08932922
   36.39639640    0.08903910
   36.44644645    0.08866662
   36.49649650    0.08820058
   36.54654655    0.08763476
   36.59659660    0.08696828
   36.64664665    0.08620540
   36.69669670    0.08535478
   36.74674675    0.08442843
   36.79679680    0.08344036
   36.84684685    0.08240526
   36.89689690    0.08133720
   36.94694695    0.08024864
   36.99699700    0.07914973
   37.04704705    0.07804790
   37.09709710    0.07694784
   37.14714715    0.07585175
   37.19719720    0.07475984
   37.24724725    0.07367098
   37.29729730    0.07258350
   37.34734735    0.07149596
   37.39739740    0.07040784
   37.44744745    0.06932010
   37.49749750    0.06823548
   37.54754755    0.06715865
   37.59759760    0.06609602
   37.64764765    0.06505542
   37.69769770    0.06404561
   37.74774775    0.06307569
   37.79779780    0.06215450
   37.84784785    0.06129006
   37.89789790    0.06048906
   37.94794795    0.05975648
   37.99799800    0.05909526
   38.04804805    0.05850613
   38.09809810    0.05798750
   38.14814815    0.05753544
   38.19819820    0.05714379
   38.24824825    0.05680431
   38.29829830    0.05650700
   38.34834835    0.05624048
   38.39839840    0.05599248
   38.44844845    0.05575046
   38.49849850    0.05550224
   38.54854855    0.05523665
   38.59859860    0.05494414
   38.64864865    0.05461728
   38.69869870    0.05425107
   38.74874875    0.05384309
   38.79879880    0.05339349
   38.84884885    0.05290468
   38.89889890    0.05238108
   38.94894895    0.05182861
   38.99899900    0.05125430
   39.04904905    0.05066587
   39.09909910    0.05007132
   39.14914915    0.04947869
   39.19919920    0.04889580
   39.24924925    0.04833010
   39.29929930    0.04778857
   39.34934935    0.04727768
   39.39939940    0.04680333
   39.44944945    0.04637095
   39.49949950    0.04598543
   39.54954955    0.04565128
   39.59959960    0.04537262
   39.64964965    0.04515330
   39.69969970    0.04499691
   39.74974975    0.04490686
   39.79979980    0.04488640
   39.84984985    0.04493863
   39.89989990    0.04506645
   39.94994995    0.04527255
   40.00000000    0.04555930
